#[0]step() [1]time(s) [2]x_mean(m) [3]y_mean(m) [4]z_mean(m) [5]px_mean(kg*m/s) [6]py_mean(kg*m/s) [7]pz_mean(kg*m/s) [8]gamma_mean() [9]x_rms(m) [10]y_rms(m) [11]z_rms(m) [12]px_rms(kg*m/s) [13]py_rms(kg*m/s) [14]pz_rms(kg*m/s) [15]gamma_rms() [16]emittance_x(m) [17]emittance_y(m) [18]emittance_z(m) [19]alpha_x() [20]alpha_y() [21]beta_x(m) [22]beta_y(m) [23]charge(C)
0 0.00000000000000e+00 0.00000000000000e+00 0.00000000000000e+00 -2.50000000000000e-02 0.00000000000000e+00 0.00000000000000e+00 6.92998976172067e-24 1.00032191846926e+00 0.00000000000000e+00 0.00000000000000e+00 0.00000000000000e+00 0.00000000000000e+00 0.00000000000000e+00 0.00000000000000e+00 0.00000000000000e+00 0.00000000000000e+00 0.00000000000000e+00 0.00000000000000e+00 -nan -nan -nan -nan -1.60217663400000e-19
1 3.67110000000000e-11 4.45772358173697e-14 -2.70314122580203e-07 -2.47208100229684e-02 2.05554632813391e-33 -1.34193432825888e-26 6.92997676828900e-24 1.00032191846919e+00 0.00000000000000e+00 0.00000000000000e+00 0.00000000000000e+00 0.00000000000000e+00 0.00000000000000e+00 0.00000000000000e+00 0.00000000000000e+00 0.00000000000000e+00 0.00000000000000e+00 0.00000000000000e+00 -nan -nan -nan -nan -1.60217663400000e-19
2 7.34220000000000e-11 1.65624545188796e-13 -1.08125576900856e-06 -2.44416210927820e-02 3.91792973223372e-33 -2.68386382657068e-26 6.92993779043849e-24 1.00032191846922e+00 0.00000000000000e+00 0.00000000000000e+00 0.00000000000000e+00 0.00000000000000e+00 0.00000000000000e+00 0.00000000000000e+00 0.00000000000000e+00 0.00000000000000e+00 0.00000000000000e+00 0.00000000000000e+00 -nan -nan -nan -nan -1.60217663400000e-19
3 1.10133000000000e-10 3.60262326978493e-13 -2.43282189555401e-06 -2.41624342563682e-02 5.83033396471222e-33 -4.02578326582412e-26 6.92987282608966e-24 1.00032191846913e+00 0.00000000000000e+00 0.00000000000000e+00 0.00000000000000e+00 0.00000000000000e+00 0.00000000000000e+00 0.00000000000000e+00 0.00000000000000e+00 0.00000000000000e+00 0.00000000000000e+00 0.00000000000000e+00 -nan -nan -nan -nan -1.60217663400000e-19
4 1.46844000000000e-10 6.35400583796001e-13 -4.32500744091979e-06 -2.38832505606466e-02 7.85306349426518e-33 -5.36768761994370e-26 6.92978187770383e-24 1.00032191846914e+00 0.00000000000000e+00 0.00000000000000e+00 0.00000000000000e+00 0.00000000000000e+00 0.00000000000000e+00 0.00000000000000e+00 0.00000000000000e+00 0.00000000000000e+00 0.00000000000000e+00 0.00000000000000e+00 -nan -nan -nan -nan -1.60217663400000e-19
5 1.83555000000000e-10 9.93018714793535e-13 -6.75780531172907e-06 -2.36040710523466e-02 9.79282837312375e-33 -6.70957183820108e-26 6.92966494562159e-24 1.00032191846924e+00 0.00000000000000e+00 0.00000000000000e+00 0.00000000000000e+00 0.00000000000000e+00 0.00000000000000e+00 0.00000000000000e+00 0.00000000000000e+00 0.00000000000000e+00 0.00000000000000e+00 0.00000000000000e+00 -nan -nan -nan -nan -1.60217663400000e-19
6 2.20266000000000e-10 1.42445248849472e-12 -9.73120637691675e-06 -2.33248967783603e-02 1.16387387863057e-32 -8.05143088757939e-26 6.92952202806659e-24 1.00032191846922e+00 0.00000000000000e+00 0.00000000000000e+00 0.00000000000000e+00 0.00000000000000e+00 0.00000000000000e+00 0.00000000000000e+00 0.00000000000000e+00 0.00000000000000e+00 0.00000000000000e+00 0.00000000000000e+00 -nan -nan -nan -nan -1.60217663400000e-19
7 2.56977000000000e-10 1.93080386303832e-12 -1.32451994878689e-05 -2.30457287855602e-02 1.36323453823976e-32 -9.39325975999347e-26 6.92935312557989e-24 1.00032191846909e+00 0.00000000000000e+00 0.00000000000000e+00 0.00000000000000e+00 0.00000000000000e+00 0.00000000000000e+00 0.00000000000000e+00 0.00000000000000e+00 0.00000000000000e+00 0.00000000000000e+00 0.00000000000000e+00 -nan -nan -nan -nan -1.60217663400000e-19
8 2.93688000000000e-10 2.52287142117148e-12 -1.72997714782850e-05 -2.27665681207947e-02 1.56525858963859e-32 -1.07350534117675e-25 6.92915824099454e-24 1.00032191846905e+00 0.00000000000000e+00 0.00000000000000e+00 0.00000000000000e+00 0.00000000000000e+00 0.00000000000000e+00 0.00000000000000e+00 0.00000000000000e+00 0.00000000000000e+00 0.00000000000000e+00 0.00000000000000e+00 -nan -nan -nan -nan -1.60217663400000e-19
9 3.30399000000000e-10 3.19200259382606e-12 -2.18949071357221e-05 -2.24874158307081e-02 1.75079811585733e-32 -1.20768067930318e-25 6.92893737504209e-24 1.00032191846910e+00 0.00000000000000e+00 0.00000000000000e+00 0.00000000000000e+00 0.00000000000000e+00 0.00000000000000e+00 0.00000000000000e+00 0.00000000000000e+00 0.00000000000000e+00 0.00000000000000e+00 0.00000000000000e+00 -nan -nan -nan -nan -1.60217663400000e-19
10 3.67110000000000e-10 3.93356763213721e-12 -2.70305892248048e-05 -2.22082729620900e-02 1.93680350404280e-32 -1.34185148889170e-25 6.92869052635846e-24 1.00032191846904e+00 0.00000000000000e+00 0.00000000000000e+00 0.00000000000000e+00 0.00000000000000e+00 0.00000000000000e+00 0.00000000000000e+00 0.00000000000000e+00 0.00000000000000e+00 0.00000000000000e+00 0.00000000000000e+00 -nan -nan -nan -nan -1.60217663400000e-19
11 4.03821000000000e-10 4.75257165075618e-12 -3.27067984924757e-05 -2.19291405616943e-02 2.13622421620755e-32 -1.47601726806071e-25 6.92841769804772e-24 1.00032191846906e+00 0.00000000000000e+00 0.00000000000000e+00 0.00000000000000e+00 0.00000000000000e+00 0.00000000000000e+00 0.00000000000000e+00 0.00000000000000e+00 0.00000000000000e+00 0.00000000000000e+00 0.00000000000000e+00 -nan -nan -nan -nan -1.60217663400000e-19
12 4.40532000000000e-10 5.65481886052436e-12 -3.89235136595593e-05 -2.16500196760608e-02 2.33014318146670e-32 -1.61017751193313e-25 6.92811889113346e-24 1.00032191846918e+00 0.00000000000000e+00 0.00000000000000e+00 0.00000000000000e+00 0.00000000000000e+00 0.00000000000000e+00 0.00000000000000e+00 0.00000000000000e+00 0.00000000000000e+00 0.00000000000000e+00 0.00000000000000e+00 -nan -nan -nan -nan -1.60217663400000e-19
13 4.77243000000000e-10 6.63007204747828e-12 -4.56807114048106e-05 -2.13709113518608e-02 2.51052222491903e-32 -1.74433171665296e-25 6.92779410456780e-24 1.00032191846919e+00 0.00000000000000e+00 0.00000000000000e+00 0.00000000000000e+00 0.00000000000000e+00 0.00000000000000e+00 0.00000000000000e+00 0.00000000000000e+00 0.00000000000000e+00 0.00000000000000e+00 0.00000000000000e+00 -nan -nan -nan -nan -1.60217663400000e-19
14 5.13954000000000e-10 7.67765870605617e-12 -5.29783663893507e-05 -2.10918166357185e-02 2.70092458051997e-32 -1.87847938137013e-25 6.92744333957951e-24 1.00032191846908e+00 0.00000000000000e+00 0.00000000000000e+00 0.00000000000000e+00 0.00000000000000e+00 0.00000000000000e+00 0.00000000000000e+00 0.00000000000000e+00 0.00000000000000e+00 0.00000000000000e+00 0.00000000000000e+00 -nan -nan -nan -nan -1.60217663400000e-19
15 5.50665000000000e-10 8.80632757193550e-12 -6.08164512563641e-05 -2.08127365742062e-02 2.89653614929583e-32 -2.01262000258750e-25 6.92706659962478e-24 1.00032191846906e+00 0.00000000000000e+00 0.00000000000000e+00 0.00000000000000e+00 0.00000000000000e+00 0.00000000000000e+00 0.00000000000000e+00 0.00000000000000e+00 0.00000000000000e+00 0.00000000000000e+00 0.00000000000000e+00 -nan -nan -nan -nan -1.60217663400000e-19
16 5.87376000000000e-10 1.00115272050728e-11 -6.91949366101527e-05 -2.05336722136695e-02 3.07881638578058e-32 -2.14675307562323e-25 6.92666388611770e-24 1.00032191846913e+00 0.00000000000000e+00 0.00000000000000e+00 0.00000000000000e+00 0.00000000000000e+00 0.00000000000000e+00 0.00000000000000e+00 0.00000000000000e+00 0.00000000000000e+00 0.00000000000000e+00 0.00000000000000e+00 -nan -nan -nan -nan -1.60217663400000e-19
17 6.24087000000000e-10 1.12870673958717e-11 -7.81137910272896e-05 -2.02546246005671e-02 3.25730016756128e-32 -2.28087809836832e-25 6.92623519844090e-24 1.00032191846910e+00 0.00000000000000e+00 0.00000000000000e+00 0.00000000000000e+00 0.00000000000000e+00 0.00000000000000e+00 0.00000000000000e+00 0.00000000000000e+00 0.00000000000000e+00 0.00000000000000e+00 0.00000000000000e+00 -nan -nan -nan -nan -1.60217663400000e-19
18 6.60798000000000e-10 1.26360793808710e-11 -8.75729810664487e-05 -1.99755947812941e-02 3.45132204592871e-32 -2.41499456958808e-25 6.92578054030852e-24 1.00032191846914e+00 0.00000000000000e+00 0.00000000000000e+00 0.00000000000000e+00 0.00000000000000e+00 0.00000000000000e+00 0.00000000000000e+00 0.00000000000000e+00 0.00000000000000e+00 0.00000000000000e+00 0.00000000000000e+00 -nan -nan -nan -nan -1.60217663400000e-19
19 6.97509000000000e-10 1.40679516616911e-11 -9.75724712656112e-05 -1.96965838020099e-02 3.64270969844257e-32 -2.54910198479585e-25 6.92529991342651e-24 1.00032191846928e+00 0.00000000000000e+00 0.00000000000000e+00 0.00000000000000e+00 0.00000000000000e+00 0.00000000000000e+00 0.00000000000000e+00 0.00000000000000e+00 0.00000000000000e+00 0.00000000000000e+00 0.00000000000000e+00 -nan -nan -nan -nan -1.60217663400000e-19
20 7.34220000000000e-10 1.55711732233291e-11 -1.08112224118415e-04 -1.94175927089724e-02 3.81696279970046e-32 -2.68319983983070e-25 6.92479331750576e-24 1.00032191846930e+00 0.00000000000000e+00 0.00000000000000e+00 0.00000000000000e+00 0.00000000000000e+00 0.00000000000000e+00 0.00000000000000e+00 0.00000000000000e+00 0.00000000000000e+00 0.00000000000000e+00 0.00000000000000e+00 -nan -nan -nan -nan -1.60217663400000e-19
21 7.70931000000000e-10 1.71434490078239e-11 -1.19192200100680e-04 -1.91386225483640e-02 3.99671692501909e-32 -2.81728763377630e-25 6.92426075446069e-24 1.00032191846922e+00 0.00000000000000e+00 0.00000000000000e+00 0.00000000000000e+00 0.00000000000000e+00 0.00000000000000e+00 0.00000000000000e+00 0.00000000000000e+00 0.00000000000000e+00 0.00000000000000e+00 0.00000000000000e+00 -nan -nan -nan -nan -1.60217663400000e-19
22 8.07642000000000e-10 1.87915064938304e-11 -1.30812357669939e-04 -1.88596743662884e-02 4.18411642464802e-32 -2.95136486398119e-25 6.92370222834335e-24 1.00032191846923e+00 0.00000000000000e+00 0.00000000000000e+00 0.00000000000000e+00 0.00000000000000e+00 0.00000000000000e+00 0.00000000000000e+00 0.00000000000000e+00 0.00000000000000e+00 0.00000000000000e+00 0.00000000000000e+00 -nan -nan -nan -nan -1.60217663400000e-19
23 8.44353000000000e-10 2.05147784221232e-11 -1.42972653252002e-04 -1.85807492086017e-02 4.36150008555756e-32 -3.08543102626385e-25 6.92311774124978e-24 1.00032191846931e+00 0.00000000000000e+00 0.00000000000000e+00 0.00000000000000e+00 0.00000000000000e+00 0.00000000000000e+00 0.00000000000000e+00 0.00000000000000e+00 0.00000000000000e+00 0.00000000000000e+00 0.00000000000000e+00 -nan -nan -nan -nan -1.60217663400000e-19
24 8.81064000000000e-10 2.23057618434877e-11 -1.55673041241829e-04 -1.83018481212385e-02 4.53130734253513e-32 -3.21948561808920e-25 6.92250729333353e-24 1.00032191846929e+00 0.00000000000000e+00 0.00000000000000e+00 0.00000000000000e+00 0.00000000000000e+00 0.00000000000000e+00 0.00000000000000e+00 0.00000000000000e+00 0.00000000000000e+00 0.00000000000000e+00 0.00000000000000e+00 -nan -nan -nan -nan -1.60217663400000e-19
25 9.17775000000000e-10 2.41658550602221e-11 -1.68913474016166e-04 -1.80229721500426e-02 4.71537587398610e-32 -3.35352813842900e-25 6.92187088689929e-24 1.00032191846917e+00 0.00000000000000e+00 0.00000000000000e+00 0.00000000000000e+00 0.00000000000000e+00 0.00000000000000e+00 0.00000000000000e+00 0.00000000000000e+00 0.00000000000000e+00 0.00000000000000e+00 0.00000000000000e+00 -nan -nan -nan -nan -1.60217663400000e-19
26 9.54486000000000e-10 2.61051507156042e-11 -1.82693901932967e-04 -1.77441223407628e-02 4.89968376489276e-32 -3.48755808357228e-25 6.92120852633308e-24 1.00032191846913e+00 0.00000000000000e+00 0.00000000000000e+00 0.00000000000000e+00 0.00000000000000e+00 0.00000000000000e+00 0.00000000000000e+00 0.00000000000000e+00 0.00000000000000e+00 0.00000000000000e+00 0.00000000000000e+00 -nan -nan -nan -nan -1.60217663400000e-19
27 9.91197000000000e-10 2.81137490289563e-11 -1.97014273310430e-04 -1.74652997388897e-02 5.06711419835473e-32 -3.62157494970391e-25 6.92052021412058e-24 1.00032191846918e+00 0.00000000000000e+00 0.00000000000000e+00 0.00000000000000e+00 0.00000000000000e+00 0.00000000000000e+00 0.00000000000000e+00 0.00000000000000e+00 0.00000000000000e+00 0.00000000000000e+00 0.00000000000000e+00 -nan -nan -nan -nan -1.60217663400000e-19
28 1.02790800000000e-09 3.01879508599537e-11 -2.11874534446890e-04 -1.71865053899719e-02 5.23600051767238e-32 -3.75557823558910e-25 6.91980595086038e-24 1.00032191846912e+00 0.00000000000000e+00 0.00000000000000e+00 0.00000000000000e+00 0.00000000000000e+00 0.00000000000000e+00 0.00000000000000e+00 0.00000000000000e+00 0.00000000000000e+00 0.00000000000000e+00 0.00000000000000e+00 -nan -nan -nan -nan -1.60217663400000e-19
29 1.06461900000000e-09 3.23326284211574e-11 -2.27274629621958e-04 -1.69077403394515e-02 5.41492350633846e-32 -3.88956743927979e-25 6.91906574118897e-24 1.00032191846914e+00 0.00000000000000e+00 0.00000000000000e+00 0.00000000000000e+00 0.00000000000000e+00 0.00000000000000e+00 0.00000000000000e+00 0.00000000000000e+00 0.00000000000000e+00 0.00000000000000e+00 0.00000000000000e+00 -nan -nan -nan -nan -1.60217663400000e-19
30 1.10133000000000e-09 3.45509964926137e-11 -2.43214501089622e-04 -1.66290056325035e-02 5.58720773039285e-32 -4.02354205729046e-25 6.91829958788365e-24 1.00032191846924e+00 0.00000000000000e+00 0.00000000000000e+00 0.00000000000000e+00 0.00000000000000e+00 0.00000000000000e+00 0.00000000000000e+00 0.00000000000000e+00 0.00000000000000e+00 0.00000000000000e+00 0.00000000000000e+00 -nan -nan -nan -nan -1.60217663400000e-19
31 1.13804100000000e-09 3.68344911452230e-11 -2.59694089072535e-04 -1.63503023143464e-02 5.74872372811080e-32 -4.15750158697462e-25 6.91750749187612e-24 1.00032191846924e+00 0.00000000000000e+00 0.00000000000000e+00 0.00000000000000e+00 0.00000000000000e+00 0.00000000000000e+00 0.00000000000000e+00 0.00000000000000e+00 0.00000000000000e+00 0.00000000000000e+00 0.00000000000000e+00 -nan -nan -nan -nan -1.60217663400000e-19
32 1.17475200000000e-09 3.91829998673503e-11 -2.76713331774722e-04 -1.60716314300802e-02 5.92021442586337e-32 -4.29144552718252e-25 6.91668945615102e-24 1.00032191846914e+00 0.00000000000000e+00 0.00000000000000e+00 0.00000000000000e+00 0.00000000000000e+00 0.00000000000000e+00 0.00000000000000e+00 0.00000000000000e+00 0.00000000000000e+00 0.00000000000000e+00 0.00000000000000e+00 -nan -nan -nan -nan -1.60217663400000e-19
33 1.21146300000000e-09 4.16046722317958e-11 -2.94272165380849e-04 -1.57929940246826e-02 6.09486834610991e-32 -4.42537337524971e-25 6.91584548568186e-24 1.00032191846912e+00 0.00000000000000e+00 0.00000000000000e+00 0.00000000000000e+00 0.00000000000000e+00 0.00000000000000e+00 0.00000000000000e+00 0.00000000000000e+00 0.00000000000000e+00 0.00000000000000e+00 0.00000000000000e+00 -nan -nan -nan -nan -1.60217663400000e-19
34 1.24817400000000e-09 4.40939074153526e-11 -3.12370524044822e-04 -1.55143911428531e-02 6.25651783822374e-32 -4.55928462816740e-25 6.91497558363489e-24 1.00032191846918e+00 0.00000000000000e+00 0.00000000000000e+00 0.00000000000000e+00 0.00000000000000e+00 0.00000000000000e+00 0.00000000000000e+00 0.00000000000000e+00 0.00000000000000e+00 0.00000000000000e+00 0.00000000000000e+00 -nan -nan -nan -nan -1.60217663400000e-19
35 1.28488500000000e-09 4.66458279928637e-11 -3.31008339898192e-04 -1.52358238293143e-02 6.41619264253020e-32 -4.69317878432527e-25 6.91407975138054e-24 1.00032191846914e+00 0.00000000000000e+00 0.00000000000000e+00 0.00000000000000e+00 0.00000000000000e+00 0.00000000000000e+00 0.00000000000000e+00 0.00000000000000e+00 0.00000000000000e+00 0.00000000000000e+00 0.00000000000000e+00 -nan -nan -nan -nan -1.60217663400000e-19
36 1.32159600000000e-09 4.92637202953550e-11 -3.50185543053249e-04 -1.49572931286551e-02 6.58848594017052e-32 -4.82705534220983e-25 6.91315799415089e-24 1.00032191846917e+00 0.00000000000000e+00 0.00000000000000e+00 0.00000000000000e+00 0.00000000000000e+00 0.00000000000000e+00 0.00000000000000e+00 0.00000000000000e+00 0.00000000000000e+00 0.00000000000000e+00 0.00000000000000e+00 -nan -nan -nan -nan -1.60217663400000e-19
37 1.35830700000000e-09 5.19544652752654e-11 -3.69902061600695e-04 -1.46788000851766e-02 6.75758224530503e-32 -4.96091379922764e-25 6.91221031540372e-24 1.00032191846929e+00 0.00000000000000e+00 0.00000000000000e+00 0.00000000000000e+00 0.00000000000000e+00 0.00000000000000e+00 0.00000000000000e+00 0.00000000000000e+00 0.00000000000000e+00 0.00000000000000e+00 0.00000000000000e+00 -nan -nan -nan -nan -1.60217663400000e-19
38 1.39501800000000e-09 5.47086060205554e-11 -3.90157821603056e-04 -1.44003457431893e-02 6.91322540714293e-32 -5.09475365306356e-25 6.91123671683216e-24 1.00032191846930e+00 0.00000000000000e+00 0.00000000000000e+00 0.00000000000000e+00 0.00000000000000e+00 0.00000000000000e+00 0.00000000000000e+00 0.00000000000000e+00 0.00000000000000e+00 0.00000000000000e+00 0.00000000000000e+00 -nan -nan -nan -nan -1.60217663400000e-19
39 1.43172900000000e-09 5.75247596450597e-11 -4.10952747103738e-04 -1.41219311468576e-02 7.07531485378724e-32 -5.22857440242481e-25 6.91023720209574e-24 1.00032191846922e+00 0.00000000000000e+00 0.00000000000000e+00 0.00000000000000e+00 0.00000000000000e+00 0.00000000000000e+00 0.00000000000000e+00 0.00000000000000e+00 0.00000000000000e+00 0.00000000000000e+00 0.00000000000000e+00 -nan -nan -nan -nan -1.60217663400000e-19
40 1.46844000000000e-09 6.04095030944242e-11 -4.32286760126130e-04 -1.38435573401971e-02 7.24375512939531e-32 -5.36237554546558e-25 6.90921177678261e-24 1.00032191846922e+00 0.00000000000000e+00 0.00000000000000e+00 0.00000000000000e+00 0.00000000000000e+00 0.00000000000000e+00 0.00000000000000e+00 0.00000000000000e+00 0.00000000000000e+00 0.00000000000000e+00 0.00000000000000e+00 -nan -nan -nan -nan -1.60217663400000e-19
41 1.50515100000000e-09 6.33613765694482e-11 -4.54159780670108e-04 -1.35652253669223e-02 7.40304386025021e-32 -5.49615658017986e-25 6.90816044473868e-24 1.00032191846929e+00 0.00000000000000e+00 0.00000000000000e+00 0.00000000000000e+00 0.00000000000000e+00 0.00000000000000e+00 0.00000000000000e+00 0.00000000000000e+00 0.00000000000000e+00 0.00000000000000e+00 0.00000000000000e+00 -nan -nan -nan -nan -1.60217663400000e-19
42 1.54186200000000e-09 6.63744660611294e-11 -4.76571726714033e-04 -1.32869362707386e-02 7.55748229870839e-32 -5.62991700498467e-25 6.90708320807270e-24 1.00032191846926e+00 0.00000000000000e+00 0.00000000000000e+00 0.00000000000000e+00 0.00000000000000e+00 0.00000000000000e+00 0.00000000000000e+00 0.00000000000000e+00 0.00000000000000e+00 0.00000000000000e+00 0.00000000000000e+00 -nan -nan -nan -nan -1.60217663400000e-19
43 1.57857300000000e-09 6.94507774813324e-11 -4.99522514216385e-04 -1.30086910951906e-02 7.72669271418205e-32 -5.76365631838499e-25 6.90598007082675e-24 1.00032191846914e+00 0.00000000000000e+00 0.00000000000000e+00 0.00000000000000e+00 0.00000000000000e+00 0.00000000000000e+00 0.00000000000000e+00 0.00000000000000e+00 0.00000000000000e+00 0.00000000000000e+00 0.00000000000000e+00 -nan -nan -nan -nan -1.60217663400000e-19
44 1.61528400000000e-09 7.26002073596086e-11 -5.23012057114756e-04 -1.27304908836581e-02 7.89638841557269e-32 -5.89737401883203e-25 6.90485103896438e-24 1.00032191846910e+00 0.00000000000000e+00 0.00000000000000e+00 0.00000000000000e+00 0.00000000000000e+00 0.00000000000000e+00 0.00000000000000e+00 0.00000000000000e+00 0.00000000000000e+00 0.00000000000000e+00 0.00000000000000e+00 -nan -nan -nan -nan -1.60217663400000e-19
45 1.65199500000000e-09 7.58132501829365e-11 -5.47040267326490e-04 -1.24523366792052e-02 8.05119522613891e-32 -6.03106960496912e-25 6.90369611671891e-24 1.00032191846913e+00 0.00000000000000e+00 0.00000000000000e+00 0.00000000000000e+00 0.00000000000000e+00 0.00000000000000e+00 0.00000000000000e+00 0.00000000000000e+00 0.00000000000000e+00 0.00000000000000e+00 0.00000000000000e+00 -nan -nan -nan -nan -1.60217663400000e-19
46 1.68870600000000e-09 7.90874148202459e-11 -5.71607054749384e-04 -1.21742295248706e-02 8.20965445446835e-32 -6.16474257534961e-25 6.90251530659248e-24 1.00032191846906e+00 0.00000000000000e+00 0.00000000000000e+00 0.00000000000000e+00 0.00000000000000e+00 0.00000000000000e+00 0.00000000000000e+00 0.00000000000000e+00 0.00000000000000e+00 0.00000000000000e+00 0.00000000000000e+00 -nan -nan -nan -nan -1.60217663400000e-19
47 1.72541700000000e-09 8.24281353186711e-11 -5.96712327260482e-04 -1.18961704635168e-02 8.37837503266660e-32 -6.29839242857188e-25 6.90130861484811e-24 1.00032191846907e+00 0.00000000000000e+00 0.00000000000000e+00 0.00000000000000e+00 0.00000000000000e+00 0.00000000000000e+00 0.00000000000000e+00 0.00000000000000e+00 0.00000000000000e+00 0.00000000000000e+00 0.00000000000000e+00 -nan -nan -nan -nan -1.60217663400000e-19
48 1.76212800000000e-09 8.58382456588119e-11 -6.22355990717631e-04 -1.16181605376778e-02 8.54190123320335e-32 -6.43201866382978e-25 6.90007604601032e-24 1.00032191846915e+00 0.00000000000000e+00 0.00000000000000e+00 0.00000000000000e+00 0.00000000000000e+00 0.00000000000000e+00 0.00000000000000e+00 0.00000000000000e+00 0.00000000000000e+00 0.00000000000000e+00 0.00000000000000e+00 -nan -nan -nan -nan -1.60217663400000e-19
49 1.79883900000000e-09 8.93107265180695e-11 -6.48537948962515e-04 -1.13402007898516e-02 8.69791108443097e-32 -6.56562078011907e-25 6.89881760285835e-24 1.00032191846914e+00 0.00000000000000e+00 0.00000000000000e+00 0.00000000000000e+00 0.00000000000000e+00 0.00000000000000e+00 0.00000000000000e+00 0.00000000000000e+00 0.00000000000000e+00 0.00000000000000e+00 0.00000000000000e+00 -nan -nan -nan -nan -1.60217663400000e-19
50 1.83555000000000e-09 9.28465409608175e-11 -6.75258103816247e-04 -1.10622922623483e-02 8.86642525950629e-32 -6.69919827575362e-25 6.89753329009888e-24 1.00032191846903e+00 0.00000000000000e+00 0.00000000000000e+00 0.00000000000000e+00 0.00000000000000e+00 0.00000000000000e+00 0.00000000000000e+00 0.00000000000000e+00 0.00000000000000e+00 0.00000000000000e+00 0.00000000000000e+00 -nan -nan -nan -nan -1.60217663400000e-19
51 1.87226100000000e-09 9.64548012146957e-11 -7.02516355078205e-04 -1.07844359972864e-02 9.03978072954257e-32 -6.83275065012753e-25 6.89622311442196e-24 1.00032191846900e+00 0.00000000000000e+00 0.00000000000000e+00 0.00000000000000e+00 0.00000000000000e+00 0.00000000000000e+00 0.00000000000000e+00 0.00000000000000e+00 0.00000000000000e+00 0.00000000000000e+00 0.00000000000000e+00 -nan -nan -nan -nan -1.60217663400000e-19
52 1.90897200000000e-09 1.00130295899566e-10 -7.30312600535963e-04 -1.05066330364373e-02 9.20213786444398e-32 -6.96627740319542e-25 6.89488708073848e-24 1.00032191846904e+00 0.00000000000000e+00 0.00000000000000e+00 0.00000000000000e+00 0.00000000000000e+00 0.00000000000000e+00 0.00000000000000e+00 0.00000000000000e+00 0.00000000000000e+00 0.00000000000000e+00 0.00000000000000e+00 -nan -nan -nan -nan -1.60217663400000e-19
53 1.94568300000000e-09 1.03869374545899e-10 -7.58646735959665e-04 -1.02288844215237e-02 9.36575576736974e-32 -7.09977803367302e-25 6.89352519216411e-24 1.00032191846898e+00 0.00000000000000e+00 0.00000000000000e+00 0.00000000000000e+00 0.00000000000000e+00 0.00000000000000e+00 0.00000000000000e+00 0.00000000000000e+00 0.00000000000000e+00 0.00000000000000e+00 0.00000000000000e+00 -nan -nan -nan -nan -1.60217663400000e-19
54 1.98239400000000e-09 1.07676703480312e-10 -7.87518655097897e-04 -9.95119119406579e-03 9.54506654786044e-32 -7.23325204006556e-25 6.89213745573667e-24 1.00032191846900e+00 0.00000000000000e+00 0.00000000000000e+00 0.00000000000000e+00 0.00000000000000e+00 0.00000000000000e+00 0.00000000000000e+00 0.00000000000000e+00 0.00000000000000e+00 0.00000000000000e+00 0.00000000000000e+00 -nan -nan -nan -nan -1.60217663400000e-19
55 2.01910500000000e-09 1.11560260828290e-10 -8.16928249680105e-04 -9.67355439521946e-03 9.72364249038875e-32 -7.36669892296454e-25 6.89072387665817e-24 1.00032191846911e+00 0.00000000000000e+00 0.00000000000000e+00 0.00000000000000e+00 0.00000000000000e+00 0.00000000000000e+00 0.00000000000000e+00 0.00000000000000e+00 0.00000000000000e+00 0.00000000000000e+00 0.00000000000000e+00 -nan -nan -nan -nan -1.60217663400000e-19
56 2.05581600000000e-09 1.15511476372593e-10 -8.46875409430769e-04 -9.39597506608562e-03 9.89151215651297e-32 -7.50011818266105e-25 6.88928445826954e-24 1.00032191846911e+00 0.00000000000000e+00 0.00000000000000e+00 0.00000000000000e+00 0.00000000000000e+00 0.00000000000000e+00 0.00000000000000e+00 0.00000000000000e+00 0.00000000000000e+00 0.00000000000000e+00 0.00000000000000e+00 -nan -nan -nan -nan -1.60217663400000e-19
57 2.09252700000000e-09 1.19530293805554e-10 -8.77360022053043e-04 -9.11845424755092e-03 1.00703685000012e-31 -7.63350931726216e-25 6.88781920593421e-24 1.00032191846900e+00 0.00000000000000e+00 0.00000000000000e+00 0.00000000000000e+00 0.00000000000000e+00 0.00000000000000e+00 0.00000000000000e+00 0.00000000000000e+00 0.00000000000000e+00 0.00000000000000e+00 0.00000000000000e+00 -nan -nan -nan -nan -1.60217663400000e-19
58 2.12923800000000e-09 1.23625621891322e-10 -9.08381973227434e-04 -8.84099298028410e-03 1.02598892995545e-31 -7.76687182658397e-25 6.88632812719421e-24 1.00032191846898e+00 0.00000000000000e+00 0.00000000000000e+00 0.00000000000000e+00 0.00000000000000e+00 0.00000000000000e+00 0.00000000000000e+00 0.00000000000000e+00 0.00000000000000e+00 0.00000000000000e+00 0.00000000000000e+00 -nan -nan -nan -nan -1.60217663400000e-19
59 2.16594900000000e-09 1.27797144694141e-10 -9.39941146626963e-04 -8.56359230456423e-03 1.04424981452717e-31 -7.90020521209074e-25 6.88481122763676e-24 1.00032191846904e+00 0.00000000000000e+00 0.00000000000000e+00 0.00000000000000e+00 0.00000000000000e+00 0.00000000000000e+00 0.00000000000000e+00 0.00000000000000e+00 0.00000000000000e+00 0.00000000000000e+00 0.00000000000000e+00 -nan -nan -nan -nan -1.60217663400000e-19
60 2.20266000000000e-09 1.32039608879958e-10 -9.72037423915054e-04 -8.28625326060985e-03 1.06236243721504e-31 -8.03350897336242e-25 6.88326851085599e-24 1.00032191846899e+00 0.00000000000000e+00 0.00000000000000e+00 0.00000000000000e+00 0.00000000000000e+00 0.00000000000000e+00 0.00000000000000e+00 0.00000000000000e+00 0.00000000000000e+00 0.00000000000000e+00 0.00000000000000e+00 -nan -nan -nan -nan -1.60217663400000e-19
61 2.23937100000000e-09 1.36357073170634e-10 -1.00467068473271e-03 -8.00897688841033e-03 1.08265091816429e-31 -8.16678263025552e-25 6.88169998259188e-24 1.00032191846885e+00 0.00000000000000e+00 0.00000000000000e+00 0.00000000000000e+00 0.00000000000000e+00 0.00000000000000e+00 0.00000000000000e+00 0.00000000000000e+00 0.00000000000000e+00 0.00000000000000e+00 0.00000000000000e+00 -nan -nan -nan -nan -1.60217663400000e-19
62 2.27608200000000e-09 1.40763010705790e-10 -1.03784080687463e-03 -7.73176422772182e-03 1.10293984242972e-31 -8.30002568182824e-25 6.88010565090661e-24 1.00032191846881e+00 0.00000000000000e+00 0.00000000000000e+00 0.00000000000000e+00 0.00000000000000e+00 0.00000000000000e+00 0.00000000000000e+00 0.00000000000000e+00 0.00000000000000e+00 0.00000000000000e+00 0.00000000000000e+00 -nan -nan -nan -nan -1.60217663400000e-19
63 2.31279300000000e-09 1.45243951917800e-10 -1.07154766594559e-03 -7.45461631788403e-03 1.12097525984228e-31 -8.43323760763792e-25 6.87848552180189e-24 1.00032191846887e+00 0.00000000000000e+00 0.00000000000000e+00 0.00000000000000e+00 0.00000000000000e+00 0.00000000000000e+00 0.00000000000000e+00 0.00000000000000e+00 0.00000000000000e+00 0.00000000000000e+00 0.00000000000000e+00 -nan -nan -nan -nan -1.60217663400000e-19
64 2.34950400000000e-09 1.49795208863439e-10 -1.10579113554666e-03 -7.17753419816958e-03 1.13898982882518e-31 -8.56641791025545e-25 6.87683959919573e-24 1.00032191846882e+00 0.00000000000000e+00 0.00000000000000e+00 0.00000000000000e+00 0.00000000000000e+00 0.00000000000000e+00 0.00000000000000e+00 0.00000000000000e+00 0.00000000000000e+00 0.00000000000000e+00 0.00000000000000e+00 -nan -nan -nan -nan -1.60217663400000e-19
65 2.38621500000000e-09 1.54421301500827e-10 -1.14057108727471e-03 -6.90051890760238e-03 1.15778348080410e-31 -8.69956609089712e-25 6.87516789133628e-24 1.00032191846885e+00 0.00000000000000e+00 0.00000000000000e+00 0.00000000000000e+00 0.00000000000000e+00 0.00000000000000e+00 0.00000000000000e+00 0.00000000000000e+00 0.00000000000000e+00 0.00000000000000e+00 0.00000000000000e+00 -nan -nan -nan -nan -1.60217663400000e-19
66 2.42292600000000e-09 1.59123987291383e-10 -1.17588739071198e-03 -6.62357148479058e-03 1.17561324993729e-31 -8.83268164886043e-25 6.87347040449710e-24 1.00032191846896e+00 0.00000000000000e+00 0.00000000000000e+00 0.00000000000000e+00 0.00000000000000e+00 0.00000000000000e+00 0.00000000000000e+00 0.00000000000000e+00 0.00000000000000e+00 0.00000000000000e+00 0.00000000000000e+00 -nan -nan -nan -nan -1.60217663400000e-19
67 2.45963700000000e-09 1.63893742339248e-10 -1.21173991342078e-03 -6.34669296825260e-03 1.19217693259644e-31 -8.96576408473671e-25 6.87174714301818e-24 1.00032191846897e+00 0.00000000000000e+00 0.00000000000000e+00 0.00000000000000e+00 0.00000000000000e+00 0.00000000000000e+00 0.00000000000000e+00 0.00000000000000e+00 0.00000000000000e+00 0.00000000000000e+00 0.00000000000000e+00 -nan -nan -nan -nan -1.60217663400000e-19
68 2.49634800000000e-09 1.68729889116284e-10 -1.24812852095949e-03 -6.06988439624680e-03 1.20960841901240e-31 -9.09881290091330e-25 6.86999811339968e-24 1.00032191846888e+00 0.00000000000000e+00 0.00000000000000e+00 0.00000000000000e+00 0.00000000000000e+00 0.00000000000000e+00 0.00000000000000e+00 0.00000000000000e+00 0.00000000000000e+00 0.00000000000000e+00 0.00000000000000e+00 -nan -nan -nan -nan -1.60217663400000e-19
69 2.53305900000000e-09 1.73640097432953e-10 -1.28505307688094e-03 -5.79314680676784e-03 1.22721289151890e-31 -9.23182759799586e-25 6.86822332413058e-24 1.00032191846886e+00 0.00000000000000e+00 0.00000000000000e+00 0.00000000000000e+00 0.00000000000000e+00 0.00000000000000e+00 0.00000000000000e+00 0.00000000000000e+00 0.00000000000000e+00 0.00000000000000e+00 0.00000000000000e+00 -nan -nan -nan -nan -1.60217663400000e-19
70 2.56977000000000e-09 1.78618091304957e-10 -1.32251344271971e-03 -5.51648123739019e-03 1.24338320235031e-31 -9.36480767632140e-25 6.86642278186882e-24 1.00032191846892e+00 0.00000000000000e+00 0.00000000000000e+00 0.00000000000000e+00 0.00000000000000e+00 0.00000000000000e+00 0.00000000000000e+00 0.00000000000000e+00 0.00000000000000e+00 0.00000000000000e+00 0.00000000000000e+00 -nan -nan -nan -nan -1.60217663400000e-19
71 2.60648100000000e-09 1.83658591035657e-10 -1.36050947800250e-03 -5.23988872557204e-03 1.25925416979429e-31 -9.49775263780984e-25 6.86459649146782e-24 1.00032191846889e+00 0.00000000000000e+00 0.00000000000000e+00 0.00000000000000e+00 0.00000000000000e+00 0.00000000000000e+00 0.00000000000000e+00 0.00000000000000e+00 0.00000000000000e+00 0.00000000000000e+00 0.00000000000000e+00 -nan -nan -nan -nan -1.60217663400000e-19
72 2.64319200000000e-09 1.88764464378371e-10 -1.39904104025072e-03 -4.96337030849671e-03 1.27635246774168e-31 -9.63066198440555e-25 6.86274446163792e-24 1.00032191846893e+00 0.00000000000000e+00 0.00000000000000e+00 0.00000000000000e+00 0.00000000000000e+00 0.00000000000000e+00 0.00000000000000e+00 0.00000000000000e+00 0.00000000000000e+00 0.00000000000000e+00 0.00000000000000e+00 -nan -nan -nan -nan -1.60217663400000e-19
73 2.67990300000000e-09 1.93942732729621e-10 -1.43810798497806e-03 -4.68692702292068e-03 1.29313962712331e-31 -9.76353521729869e-25 6.86086669932665e-24 1.00032191846904e+00 0.00000000000000e+00 0.00000000000000e+00 0.00000000000000e+00 0.00000000000000e+00 0.00000000000000e+00 0.00000000000000e+00 0.00000000000000e+00 0.00000000000000e+00 0.00000000000000e+00 0.00000000000000e+00 -nan -nan -nan -nan -1.60217663400000e-19
74 2.71661400000000e-09 1.99183867710544e-10 -1.47771016568666e-03 -4.41055990546744e-03 1.30855314208639e-31 -9.89637183800003e-25 6.85896320973313e-24 1.00032191846906e+00 0.00000000000000e+00 0.00000000000000e+00 0.00000000000000e+00 0.00000000000000e+00 0.00000000000000e+00 0.00000000000000e+00 0.00000000000000e+00 0.00000000000000e+00 0.00000000000000e+00 0.00000000000000e+00 -nan -nan -nan -nan -1.60217663400000e-19
75 2.75332500000000e-09 2.04486329633624e-10 -1.51784743387375e-03 -4.13426999247446e-03 1.32456510696748e-31 -1.00291713486369e-24 6.85703400000164e-24 1.00032191846899e+00 0.00000000000000e+00 0.00000000000000e+00 0.00000000000000e+00 0.00000000000000e+00 0.00000000000000e+00 0.00000000000000e+00 0.00000000000000e+00 0.00000000000000e+00 0.00000000000000e+00 0.00000000000000e+00 -nan -nan -nan -nan -1.60217663400000e-19
76 2.79003600000000e-09 2.09856480164560e-10 -1.55851963902991e-03 -3.85805831998960e-03 1.34135368231627e-31 -1.01619332511703e-24 6.85507907919610e-24 1.00032191846898e+00 0.00000000000000e+00 0.00000000000000e+00 0.00000000000000e+00 0.00000000000000e+00 0.00000000000000e+00 0.00000000000000e+00 0.00000000000000e+00 0.00000000000000e+00 0.00000000000000e+00 0.00000000000000e+00 -nan -nan -nan -nan -1.60217663400000e-19
77 2.82674700000000e-09 2.15294215134929e-10 -1.59972662863947e-03 -3.58192592362011e-03 1.35740440693017e-31 -1.02946570479427e-24 6.85309845464697e-24 1.00032191846905e+00 0.00000000000000e+00 0.00000000000000e+00 0.00000000000000e+00 0.00000000000000e+00 0.00000000000000e+00 0.00000000000000e+00 0.00000000000000e+00 0.00000000000000e+00 0.00000000000000e+00 0.00000000000000e+00 -nan -nan -nan -nan -1.60217663400000e-19
78 2.86345800000000e-09 2.20793693520350e-10 -1.64146824818304e-03 -3.30587383882319e-03 1.37299240453060e-31 -1.04273422412551e-24 6.85109213194604e-24 1.00032191846903e+00 0.00000000000000e+00 0.00000000000000e+00 0.00000000000000e+00 0.00000000000000e+00 0.00000000000000e+00 0.00000000000000e+00 0.00000000000000e+00 0.00000000000000e+00 0.00000000000000e+00 0.00000000000000e+00 -nan -nan -nan -nan -1.60217663400000e-19
79 2.90016900000000e-09 2.26357027947060e-10 -1.68374434113486e-03 -3.02990310075544e-03 1.39012252267368e-31 -1.05599883328778e-24 6.84906011859895e-24 1.00032191846890e+00 0.00000000000000e+00 0.00000000000000e+00 0.00000000000000e+00 0.00000000000000e+00 0.00000000000000e+00 0.00000000000000e+00 0.00000000000000e+00 0.00000000000000e+00 0.00000000000000e+00 0.00000000000000e+00 -nan -nan -nan -nan -1.60217663400000e-19
80 2.93688000000000e-09 2.31994531342557e-10 -1.72655474896106e-03 -2.75401474426930e-03 1.40763392911941e-31 -1.06925948258757e-24 6.84700242410459e-24 1.00032191846885e+00 0.00000000000000e+00 0.00000000000000e+00 0.00000000000000e+00 0.00000000000000e+00 0.00000000000000e+00 0.00000000000000e+00 0.00000000000000e+00 0.00000000000000e+00 0.00000000000000e+00 0.00000000000000e+00 -nan -nan -nan -nan -1.60217663400000e-19
81 2.97359100000000e-09 2.37698962989432e-10 -1.76989931113193e-03 -2.47820980375610e-03 1.42395916337994e-31 -1.08251612238071e-24 6.84491905617510e-24 1.00032191846888e+00 0.00000000000000e+00 0.00000000000000e+00 0.00000000000000e+00 0.00000000000000e+00 0.00000000000000e+00 0.00000000000000e+00 0.00000000000000e+00 0.00000000000000e+00 0.00000000000000e+00 0.00000000000000e+00 -nan -nan -nan -nan -1.60217663400000e-19
82 3.01030200000000e-09 2.43468006086199e-10 -1.81377786511340e-03 -2.20248931344688e-03 1.44076474251882e-31 -1.09576870287157e-24 6.84281002070834e-24 1.00032191846881e+00 0.00000000000000e+00 0.00000000000000e+00 0.00000000000000e+00 0.00000000000000e+00 0.00000000000000e+00 0.00000000000000e+00 0.00000000000000e+00 0.00000000000000e+00 0.00000000000000e+00 0.00000000000000e+00 -nan -nan -nan -nan -1.60217663400000e-19
83 3.04701300000000e-09 2.49307847787492e-10 -1.85819024636361e-03 -1.92685430725765e-03 1.45920514725769e-31 -1.10901717428235e-24 6.84067532759391e-24 1.00032191846881e+00 0.00000000000000e+00 0.00000000000000e+00 0.00000000000000e+00 0.00000000000000e+00 0.00000000000000e+00 0.00000000000000e+00 0.00000000000000e+00 0.00000000000000e+00 0.00000000000000e+00 0.00000000000000e+00 -nan -nan -nan -nan -1.60217663400000e-19
84 3.08372400000000e-09 2.55225473458447e-10 -1.90313628833770e-03 -1.65130581862269e-03 1.47760494571347e-31 -1.12226148706787e-24 6.83851498483320e-24 1.00032191846890e+00 0.00000000000000e+00 0.00000000000000e+00 0.00000000000000e+00 0.00000000000000e+00 0.00000000000000e+00 0.00000000000000e+00 0.00000000000000e+00 0.00000000000000e+00 0.00000000000000e+00 0.00000000000000e+00 -nan -nan -nan -nan -1.60217663400000e-19
85 3.12043500000000e-09 2.61213570550976e-10 -1.94861582250160e-03 -1.37584488081333e-03 1.49528984176024e-31 -1.13550159162498e-24 6.83632899849200e-24 1.00032191846888e+00 0.00000000000000e+00 0.00000000000000e+00 0.00000000000000e+00 0.00000000000000e+00 0.00000000000000e+00 0.00000000000000e+00 0.00000000000000e+00 0.00000000000000e+00 0.00000000000000e+00 0.00000000000000e+00 -nan -nan -nan -nan -1.60217663400000e-19
86 3.15714600000000e-09 2.67273691325270e-10 -1.99462867831381e-03 -1.10047252677499e-03 1.51456844121404e-31 -1.14873743810241e-24 6.83411737670110e-24 1.00032191846874e+00 0.00000000000000e+00 0.00000000000000e+00 0.00000000000000e+00 0.00000000000000e+00 0.00000000000000e+00 0.00000000000000e+00 0.00000000000000e+00 0.00000000000000e+00 0.00000000000000e+00 0.00000000000000e+00 -nan -nan -nan -nan -1.60217663400000e-19
87 3.19385700000000e-09 2.73417124701041e-10 -2.04117468322349e-03 -8.25189789123838e-04 1.53459129755599e-31 -1.16196897888809e-24 6.83188012991732e-24 1.00032191846872e+00 0.00000000000000e+00 0.00000000000000e+00 0.00000000000000e+00 0.00000000000000e+00 0.00000000000000e+00 0.00000000000000e+00 0.00000000000000e+00 0.00000000000000e+00 0.00000000000000e+00 0.00000000000000e+00 -nan -nan -nan -nan -1.60217663400000e-19
88 3.23056800000000e-09 2.79638578568617e-10 -2.08825366285291e-03 -5.49997699962979e-04 1.55291602670756e-31 -1.17519616440806e-24 6.82961726654458e-24 1.00032191846882e+00 0.00000000000000e+00 0.00000000000000e+00 0.00000000000000e+00 0.00000000000000e+00 0.00000000000000e+00 0.00000000000000e+00 0.00000000000000e+00 0.00000000000000e+00 0.00000000000000e+00 0.00000000000000e+00 -nan -nan -nan -nan -1.60217663400000e-19
89 3.26727900000000e-09 2.85929662468722e-10 -2.13586544065668e-03 -2.74897291231270e-04 1.57030886582576e-31 -1.18841894306289e-24 6.82732879292155e-24 1.00032191846881e+00 0.00000000000000e+00 0.00000000000000e+00 0.00000000000000e+00 0.00000000000000e+00 0.00000000000000e+00 0.00000000000000e+00 0.00000000000000e+00 0.00000000000000e+00 0.00000000000000e+00 0.00000000000000e+00 -nan -nan -nan -nan -1.60217663400000e-19
90 3.30399000000000e-09 2.92291258206567e-10 -2.18400983809957e-03 1.10405478961731e-07 1.58897000345345e-31 -1.20163726543694e-24 6.82501471967479e-24 1.00032191846888e+00 0.00000000000000e+00 0.00000000000000e+00 0.00000000000000e+00 0.00000000000000e+00 0.00000000000000e+00 0.00000000000000e+00 0.00000000000000e+00 0.00000000000000e+00 0.00000000000000e+00 0.00000000000000e+00 -nan -nan -nan -nan -1.60217663400000e-19
91 3.34070100000000e-09 2.98732703224296e-10 -2.23268667465459e-03 2.75024359084982e-04 1.60722737635386e-31 -1.21485108183730e-24 6.82267505548886e-24 1.00032191846903e+00 0.00000000000000e+00 0.00000000000000e+00 0.00000000000000e+00 0.00000000000000e+00 0.00000000000000e+00 0.00000000000000e+00 0.00000000000000e+00 0.00000000000000e+00 0.00000000000000e+00 0.00000000000000e+00 -nan -nan -nan -nan -1.60217663400000e-19
92 3.37741200000000e-09 3.05241406767086e-10 -2.28189576778241e-03 5.49843538694230e-04 1.62344789521240e-31 -1.22806034259781e-24 6.82030980715796e-24 1.00032191846908e+00 0.00000000000000e+00 0.00000000000000e+00 0.00000000000000e+00 0.00000000000000e+00 0.00000000000000e+00 0.00000000000000e+00 0.00000000000000e+00 0.00000000000000e+00 0.00000000000000e+00 0.00000000000000e+00 -nan -nan -nan -nan -1.60217663400000e-19
93 3.41412300000000e-09 3.11813547747339e-10 -2.33163693295431e-03 8.24566913771499e-04 1.63973755316065e-31 -1.24126499831292e-24 6.81791898359417e-24 1.00032191846903e+00 0.00000000000000e+00 0.00000000000000e+00 0.00000000000000e+00 0.00000000000000e+00 0.00000000000000e+00 0.00000000000000e+00 0.00000000000000e+00 0.00000000000000e+00 0.00000000000000e+00 0.00000000000000e+00 -nan -nan -nan -nan -1.60217663400000e-19
94 3.45083400000000e-09 3.18453504337167e-10 -2.38190998365011e-03 1.09919345414231e-03 1.65682305045148e-31 -1.25446499948823e-24 6.81550259564110e-24 1.00032191846905e+00 0.00000000000000e+00 0.00000000000000e+00 0.00000000000000e+00 0.00000000000000e+00 0.00000000000000e+00 0.00000000000000e+00 0.00000000000000e+00 0.00000000000000e+00 0.00000000000000e+00 0.00000000000000e+00 -nan -nan -nan -nan -1.60217663400000e-19
95 3.48754500000000e-09 3.25163310797364e-10 -2.43271473135319e-03 1.37372213014509e-03 1.67317897793006e-31 -1.26766029657409e-24 6.81306065236306e-24 1.00032191846914e+00 0.00000000000000e+00 0.00000000000000e+00 0.00000000000000e+00 0.00000000000000e+00 0.00000000000000e+00 0.00000000000000e+00 0.00000000000000e+00 0.00000000000000e+00 0.00000000000000e+00 0.00000000000000e+00 -nan -nan -nan -nan -1.60217663400000e-19
96 3.52425600000000e-09 3.31935054397424e-10 -2.48405098555077e-03 1.64815191233571e-03 1.68856332846776e-31 -1.28085084008587e-24 6.81059316106727e-24 1.00032191846914e+00 0.00000000000000e+00 0.00000000000000e+00 0.00000000000000e+00 0.00000000000000e+00 0.00000000000000e+00 0.00000000000000e+00 0.00000000000000e+00 0.00000000000000e+00 0.00000000000000e+00 0.00000000000000e+00 -nan -nan -nan -nan -1.60217663400000e-19
97 3.56096700000000e-09 3.38768819438654e-10 -2.53591855373913e-03 1.92248177164145e-03 1.70494993339041e-31 -1.29403658057642e-24 6.80810013101390e-24 1.00032191846905e+00 0.00000000000000e+00 0.00000000000000e+00 0.00000000000000e+00 0.00000000000000e+00 0.00000000000000e+00 0.00000000000000e+00 0.00000000000000e+00 0.00000000000000e+00 0.00000000000000e+00 0.00000000000000e+00 -nan -nan -nan -nan -1.60217663400000e-19
98 3.59767800000000e-09 3.45672597230810e-10 -2.58831724142133e-03 2.19671067936432e-03 1.72182854407677e-31 -1.30721746859846e-24 6.80558157338344e-24 1.00032191846902e+00 0.00000000000000e+00 0.00000000000000e+00 0.00000000000000e+00 0.00000000000000e+00 0.00000000000000e+00 0.00000000000000e+00 0.00000000000000e+00 0.00000000000000e+00 0.00000000000000e+00 0.00000000000000e+00 -nan -nan -nan -nan -1.60217663400000e-19
99 3.63438900000000e-09 3.52642360774244e-10 -2.64124685210950e-03 2.47083760733239e-03 1.73770662127826e-31 -1.32039345475203e-24 6.80303749761848e-24 1.00032191846907e+00 0.00000000000000e+00 0.00000000000000e+00 0.00000000000000e+00 0.00000000000000e+00 0.00000000000000e+00 0.00000000000000e+00 0.00000000000000e+00 0.00000000000000e+00 0.00000000000000e+00 0.00000000000000e+00 -nan -nan -nan -nan -1.60217663400000e-19
100 3.67110000000000e-09 3.59674075323600e-10 -2.69470718732619e-03 2.74486152760848e-03 1.75358225629809e-31 -1.33356448961259e-24 6.80046791141326e-24 1.00032191846902e+00 0.00000000000000e+00 0.00000000000000e+00 0.00000000000000e+00 0.00000000000000e+00 0.00000000000000e+00 0.00000000000000e+00 0.00000000000000e+00 0.00000000000000e+00 0.00000000000000e+00 0.00000000000000e+00 -nan -nan -nan -nan -1.60217663400000e-19
101 3.70781100000000e-09 3.66771755946487e-10 -2.74869804660126e-03 3.01878141264070e-03 1.77125966402062e-31 -1.34673052370514e-24 6.79787282629378e-24 1.00032191846905e+00 0.00000000000000e+00 0.00000000000000e+00 0.00000000000000e+00 0.00000000000000e+00 0.00000000000000e+00 0.00000000000000e+00 0.00000000000000e+00 0.00000000000000e+00 0.00000000000000e+00 0.00000000000000e+00 -nan -nan -nan -nan -1.60217663400000e-19
102 3.74452200000000e-09 3.73945905262410e-10 -2.80321922747089e-03 3.29259623542051e-03 1.78918057238303e-31 -1.35989150775028e-24 6.79525225199052e-24 1.00032191846915e+00 0.00000000000000e+00 0.00000000000000e+00 0.00000000000000e+00 0.00000000000000e+00 0.00000000000000e+00 0.00000000000000e+00 0.00000000000000e+00 0.00000000000000e+00 0.00000000000000e+00 0.00000000000000e+00 -nan -nan -nan -nan -1.60217663400000e-19
103 3.78123300000000e-09 3.81187982645235e-10 -2.85827052549415e-03 3.56630496918003e-03 1.80600673274209e-31 -1.37304739248496e-24 6.79260619640010e-24 1.00032191846915e+00 0.00000000000000e+00 0.00000000000000e+00 0.00000000000000e+00 0.00000000000000e+00 0.00000000000000e+00 0.00000000000000e+00 0.00000000000000e+00 0.00000000000000e+00 0.00000000000000e+00 0.00000000000000e+00 -nan -nan -nan -nan -1.60217663400000e-19
104 3.81794400000000e-09 3.88497707847657e-10 -2.91385173423796e-03 3.83990658754708e-03 1.82388503515072e-31 -1.38619812843222e-24 6.78993466938411e-24 1.00032191846905e+00 0.00000000000000e+00 0.00000000000000e+00 0.00000000000000e+00 0.00000000000000e+00 0.00000000000000e+00 0.00000000000000e+00 0.00000000000000e+00 0.00000000000000e+00 0.00000000000000e+00 0.00000000000000e+00 -nan -nan -nan -nan -1.60217663400000e-19
105 3.85465500000000e-09 3.95883838695231e-10 -2.96996264527482e-03 4.11340006454838e-03 1.84345677540424e-31 -1.39934366622442e-24 6.78723768305507e-24 1.00032191846902e+00 0.00000000000000e+00 0.00000000000000e+00 0.00000000000000e+00 0.00000000000000e+00 0.00000000000000e+00 0.00000000000000e+00 0.00000000000000e+00 0.00000000000000e+00 0.00000000000000e+00 0.00000000000000e+00 -nan -nan -nan -nan -1.60217663400000e-19
106 3.89136600000000e-09 4.03351262147197e-10 -3.02660304819394e-03 4.38678437478760e-03 1.86261055682285e-31 -1.41248395858930e-24 6.78451524750975e-24 1.00032191846912e+00 0.00000000000000e+00 0.00000000000000e+00 0.00000000000000e+00 0.00000000000000e+00 0.00000000000000e+00 0.00000000000000e+00 0.00000000000000e+00 0.00000000000000e+00 0.00000000000000e+00 0.00000000000000e+00 -nan -nan -nan -nan -1.60217663400000e-19
107 3.92807700000000e-09 4.10891723563374e-10 -3.08377273075871e-03 4.66005849310490e-03 1.88051032409152e-31 -1.42561895629367e-24 6.78176737081764e-24 1.00032191846914e+00 0.00000000000000e+00 0.00000000000000e+00 0.00000000000000e+00 0.00000000000000e+00 0.00000000000000e+00 0.00000000000000e+00 0.00000000000000e+00 0.00000000000000e+00 0.00000000000000e+00 0.00000000000000e+00 -nan -nan -nan -nan -1.60217663400000e-19
108 3.96478800000000e-09 4.18503373432048e-10 -3.14147147859151e-03 4.93322139475443e-03 1.89903968824778e-31 -1.43874860822430e-24 6.77899406333248e-24 1.00032191846906e+00 0.00000000000000e+00 0.00000000000000e+00 0.00000000000000e+00 0.00000000000000e+00 0.00000000000000e+00 0.00000000000000e+00 0.00000000000000e+00 0.00000000000000e+00 0.00000000000000e+00 0.00000000000000e+00 -nan -nan -nan -nan -1.60217663400000e-19
109 4.00149900000000e-09 4.26193134208158e-10 -3.19969907533731e-03 5.20627205541051e-03 1.91744884800469e-31 -1.45187286507371e-24 6.77619533749179e-24 1.00032191846906e+00 0.00000000000000e+00 0.00000000000000e+00 0.00000000000000e+00 0.00000000000000e+00 0.00000000000000e+00 0.00000000000000e+00 0.00000000000000e+00 0.00000000000000e+00 0.00000000000000e+00 0.00000000000000e+00 -nan -nan -nan -nan -1.60217663400000e-19
110 4.03821000000000e-09 4.33953114896251e-10 -3.25845530264565e-03 5.47920945132934e-03 1.93409115423033e-31 -1.46499167750245e-24 6.77337120379518e-24 1.00032191846914e+00 0.00000000000000e+00 0.00000000000000e+00 0.00000000000000e+00 0.00000000000000e+00 0.00000000000000e+00 0.00000000000000e+00 0.00000000000000e+00 0.00000000000000e+00 0.00000000000000e+00 0.00000000000000e+00 -nan -nan -nan -nan -1.60217663400000e-19
111 4.07492100000000e-09 4.41776970164018e-10 -3.31773994018582e-03 5.75203255903126e-03 1.95019742173117e-31 -1.47810499639850e-24 6.77052167086359e-24 1.00032191846912e+00 0.00000000000000e+00 0.00000000000000e+00 0.00000000000000e+00 0.00000000000000e+00 0.00000000000000e+00 0.00000000000000e+00 0.00000000000000e+00 0.00000000000000e+00 0.00000000000000e+00 0.00000000000000e+00 -nan -nan -nan -nan -1.60217663400000e-19
112 4.11163200000000e-09 4.49666726240435e-10 -3.37755276565029e-03 6.02474035546717e-03 1.96746889855720e-31 -1.49121277265325e-24 6.76764675127262e-24 1.00032191846916e+00 0.00000000000000e+00 0.00000000000000e+00 0.00000000000000e+00 0.00000000000000e+00 0.00000000000000e+00 0.00000000000000e+00 0.00000000000000e+00 0.00000000000000e+00 0.00000000000000e+00 0.00000000000000e+00 -nan -nan -nan -nan -1.60217663400000e-19
113 4.14834300000000e-09 4.57629745508298e-10 -3.43789355475151e-03 6.29733181817060e-03 1.98440270933763e-31 -1.50431495706056e-24 6.76474645580825e-24 1.00032191846929e+00 0.00000000000000e+00 0.00000000000000e+00 0.00000000000000e+00 0.00000000000000e+00 0.00000000000000e+00 0.00000000000000e+00 0.00000000000000e+00 0.00000000000000e+00 0.00000000000000e+00 0.00000000000000e+00 -nan -nan -nan -nan -1.60217663400000e-19
114 4.18505400000000e-09 4.65655944858719e-10 -3.49876208121704e-03 6.56980592496152e-03 1.99983237273565e-31 -1.51741150045890e-24 6.76182079349516e-24 1.00032191846931e+00 0.00000000000000e+00 0.00000000000000e+00 0.00000000000000e+00 0.00000000000000e+00 0.00000000000000e+00 0.00000000000000e+00 0.00000000000000e+00 0.00000000000000e+00 0.00000000000000e+00 0.00000000000000e+00 -nan -nan -nan -nan -1.60217663400000e-19
115 4.22176500000000e-09 4.73743287813561e-10 -3.56015811679828e-03 6.84216165410071e-03 2.01573985093884e-31 -1.53050235376441e-24 6.75886977531264e-24 1.00032191846924e+00 0.00000000000000e+00 0.00000000000000e+00 0.00000000000000e+00 0.00000000000000e+00 0.00000000000000e+00 0.00000000000000e+00 0.00000000000000e+00 0.00000000000000e+00 0.00000000000000e+00 0.00000000000000e+00 -nan -nan -nan -nan -1.60217663400000e-19
116 4.25847600000000e-09 4.81897660818181e-10 -3.62208143126787e-03 7.11439798429279e-03 2.03265858058622e-31 -1.54358746787381e-24 6.75589341416526e-24 1.00032191846924e+00 0.00000000000000e+00 0.00000000000000e+00 0.00000000000000e+00 0.00000000000000e+00 0.00000000000000e+00 0.00000000000000e+00 0.00000000000000e+00 0.00000000000000e+00 0.00000000000000e+00 0.00000000000000e+00 -nan -nan -nan -nan -1.60217663400000e-19
117 4.29518700000000e-09 4.90121325531607e-10 -3.68453179242078e-03 7.38651389483824e-03 2.04911379052885e-31 -1.55666679375892e-24 6.75289172121343e-24 1.00032191846931e+00 0.00000000000000e+00 0.00000000000000e+00 0.00000000000000e+00 0.00000000000000e+00 0.00000000000000e+00 0.00000000000000e+00 0.00000000000000e+00 0.00000000000000e+00 0.00000000000000e+00 0.00000000000000e+00 -nan -nan -nan -nan -1.60217663400000e-19
118 4.33189800000000e-09 4.98408285509599e-10 -3.74750896607912e-03 7.65850836534091e-03 2.06507956065263e-31 -1.56974028238447e-24 6.74986470585522e-24 1.00032191846929e+00 0.00000000000000e+00 0.00000000000000e+00 0.00000000000000e+00 0.00000000000000e+00 0.00000000000000e+00 0.00000000000000e+00 0.00000000000000e+00 0.00000000000000e+00 0.00000000000000e+00 0.00000000000000e+00 -nan -nan -nan -nan -1.60217663400000e-19
119 4.36860900000000e-09 5.06760593561252e-10 -3.81101271608695e-03 7.93038037585860e-03 2.08263038560482e-31 -1.58280788461955e-24 6.74681237939496e-24 1.00032191846916e+00 0.00000000000000e+00 0.00000000000000e+00 0.00000000000000e+00 0.00000000000000e+00 0.00000000000000e+00 0.00000000000000e+00 0.00000000000000e+00 0.00000000000000e+00 0.00000000000000e+00 0.00000000000000e+00 -nan -nan -nan -nan -1.60217663400000e-19
120 4.40532000000000e-09 5.15188968371917e-10 -3.87504280430767e-03 8.20212890690604e-03 2.10114751266548e-31 -1.59586955150550e-24 6.74373475525719e-24 1.00032191846911e+00 0.00000000000000e+00 0.00000000000000e+00 0.00000000000000e+00 0.00000000000000e+00 0.00000000000000e+00 0.00000000000000e+00 0.00000000000000e+00 0.00000000000000e+00 0.00000000000000e+00 0.00000000000000e+00 -nan -nan -nan -nan -1.60217663400000e-19
121 4.44203100000000e-09 5.23690477183761e-10 -3.93959899064060e-03 8.47375293962259e-03 2.11900165187220e-31 -1.60892523419871e-24 6.74063184497524e-24 1.00032191846913e+00 0.00000000000000e+00 0.00000000000000e+00 0.00000000000000e+00 0.00000000000000e+00 0.00000000000000e+00 0.00000000000000e+00 0.00000000000000e+00 0.00000000000000e+00 0.00000000000000e+00 0.00000000000000e+00 -nan -nan -nan -nan -1.60217663400000e-19
122 4.47874200000000e-09 5.32262710765467e-10 -4.00468103301344e-03 8.74525145545226e-03 2.13734817539256e-31 -1.62197488557590e-24 6.73750365812499e-24 1.00032191846909e+00 0.00000000000000e+00 0.00000000000000e+00 0.00000000000000e+00 0.00000000000000e+00 0.00000000000000e+00 0.00000000000000e+00 0.00000000000000e+00 0.00000000000000e+00 0.00000000000000e+00 0.00000000000000e+00 -nan -nan -nan -nan -1.60217663400000e-19
123 4.51545300000000e-09 5.40912045708607e-10 -4.07028868752865e-03 9.01662343630599e-03 2.15737037072712e-31 -1.63501845676041e-24 6.73435020854929e-24 1.00032191846918e+00 0.00000000000000e+00 0.00000000000000e+00 0.00000000000000e+00 0.00000000000000e+00 0.00000000000000e+00 0.00000000000000e+00 0.00000000000000e+00 0.00000000000000e+00 0.00000000000000e+00 0.00000000000000e+00 -nan -nan -nan -nan -1.60217663400000e-19
124 4.55216400000000e-09 5.49645607057562e-10 -4.13642170817580e-03 9.28786786474323e-03 2.17653180953175e-31 -1.64805589684013e-24 6.73117150807874e-24 1.00032191846935e+00 0.00000000000000e+00 0.00000000000000e+00 0.00000000000000e+00 0.00000000000000e+00 0.00000000000000e+00 0.00000000000000e+00 0.00000000000000e+00 0.00000000000000e+00 0.00000000000000e+00 0.00000000000000e+00 -nan -nan -nan -nan -1.60217663400000e-19
125 4.58887500000000e-09 5.58449334268280e-10 -4.20307984695498e-03 9.55898372362811e-03 2.19337569975544e-31 -1.66108715679076e-24 6.72796756652177e-24 1.00032191846940e+00 0.00000000000000e+00 0.00000000000000e+00 0.00000000000000e+00 0.00000000000000e+00 0.00000000000000e+00 0.00000000000000e+00 0.00000000000000e+00 0.00000000000000e+00 0.00000000000000e+00 0.00000000000000e+00 -nan -nan -nan -nan -1.60217663400000e-19
126 4.62558600000000e-09 5.67318614361167e-10 -4.27026285390575e-03 9.82996999631046e-03 2.21012073441495e-31 -1.67411218791391e-24 6.72473839597002e-24 1.00032191846936e+00 0.00000000000000e+00 0.00000000000000e+00 0.00000000000000e+00 0.00000000000000e+00 0.00000000000000e+00 0.00000000000000e+00 0.00000000000000e+00 0.00000000000000e+00 0.00000000000000e+00 0.00000000000000e+00 -nan -nan -nan -nan -1.60217663400000e-19
127 4.66229700000000e-09 5.76257263792401e-10 -4.33797047710436e-03 1.01008256666287e-02 2.22748020651516e-31 -1.68713094139176e-24 6.72148401045455e-24 1.00032191846938e+00 0.00000000000000e+00 0.00000000000000e+00 0.00000000000000e+00 0.00000000000000e+00 0.00000000000000e+00 0.00000000000000e+00 0.00000000000000e+00 0.00000000000000e+00 0.00000000000000e+00 0.00000000000000e+00 -nan -nan -nan -nan -1.60217663400000e-19
128 4.69900800000000e-09 5.85266416902595e-10 -4.40620246265695e-03 1.03715497190632e-02 2.24394804442082e-31 -1.70014336833377e-24 6.71820442218382e-24 1.00032191846948e+00 0.00000000000000e+00 0.00000000000000e+00 0.00000000000000e+00 0.00000000000000e+00 0.00000000000000e+00 0.00000000000000e+00 0.00000000000000e+00 0.00000000000000e+00 0.00000000000000e+00 0.00000000000000e+00 -nan -nan -nan -nan -1.60217663400000e-19
129 4.73571900000000e-09 5.94337755056336e-10 -4.47495855470030e-03 1.06421411384359e-02 2.25935457652710e-31 -1.71314941994125e-24 6.71489964158477e-24 1.00032191846949e+00 0.00000000000000e+00 0.00000000000000e+00 0.00000000000000e+00 0.00000000000000e+00 0.00000000000000e+00 0.00000000000000e+00 0.00000000000000e+00 0.00000000000000e+00 0.00000000000000e+00 0.00000000000000e+00 -nan -nan -nan -nan -1.60217663400000e-19
130 4.77243000000000e-09 6.03471045474364e-10 -4.54423849540871e-03 1.09125989100675e-02 2.27568554437246e-31 -1.72614904746685e-24 6.71156968106389e-24 1.00032191846940e+00 0.00000000000000e+00 0.00000000000000e+00 0.00000000000000e+00 0.00000000000000e+00 0.00000000000000e+00 0.00000000000000e+00 0.00000000000000e+00 0.00000000000000e+00 0.00000000000000e+00 0.00000000000000e+00 -nan -nan -nan -nan -1.60217663400000e-19
131 4.80914100000000e-09 6.12673969527430e-10 -4.61404202499118e-03 1.11829220197796e-02 2.29260721979599e-31 -1.73914220215825e-24 6.70821455494427e-24 1.00032191846937e+00 0.00000000000000e+00 0.00000000000000e+00 0.00000000000000e+00 0.00000000000000e+00 0.00000000000000e+00 0.00000000000000e+00 0.00000000000000e+00 0.00000000000000e+00 0.00000000000000e+00 0.00000000000000e+00 -nan -nan -nan -nan -1.60217663400000e-19
132 4.84585200000000e-09 6.21943605439477e-10 -4.68436888169388e-03 1.14531094540468e-02 2.30867248657683e-31 -1.75212883532630e-24 6.70483427580483e-24 1.00032191846942e+00 0.00000000000000e+00 0.00000000000000e+00 0.00000000000000e+00 0.00000000000000e+00 0.00000000000000e+00 0.00000000000000e+00 0.00000000000000e+00 0.00000000000000e+00 0.00000000000000e+00 0.00000000000000e+00 -nan -nan -nan -nan -1.60217663400000e-19
133 4.88256300000000e-09 6.31275974519759e-10 -4.75521880180254e-03 1.17231601997044e-02 2.32475845815136e-31 -1.76510889825880e-24 6.70142885446257e-24 1.00032191846937e+00 0.00000000000000e+00 0.00000000000000e+00 0.00000000000000e+00 0.00000000000000e+00 0.00000000000000e+00 0.00000000000000e+00 0.00000000000000e+00 0.00000000000000e+00 0.00000000000000e+00 0.00000000000000e+00 -nan -nan -nan -nan -1.60217663400000e-19
134 4.91927400000000e-09 6.40675222286790e-10 -4.82659151963848e-03 1.19930732440986e-02 2.34297500966046e-31 -1.77808234215862e-24 6.69799830363230e-24 1.00032191846922e+00 0.00000000000000e+00 0.00000000000000e+00 0.00000000000000e+00 0.00000000000000e+00 0.00000000000000e+00 0.00000000000000e+00 0.00000000000000e+00 0.00000000000000e+00 0.00000000000000e+00 0.00000000000000e+00 -nan -nan -nan -nan -1.60217663400000e-19
135 4.95598500000000e-09 6.50154370255846e-10 -4.89848676755563e-03 1.22628475750891e-02 2.36185577965677e-31 -1.79104911848455e-24 6.69454263817149e-24 1.00032191846914e+00 0.00000000000000e+00 0.00000000000000e+00 0.00000000000000e+00 0.00000000000000e+00 0.00000000000000e+00 0.00000000000000e+00 0.00000000000000e+00 0.00000000000000e+00 0.00000000000000e+00 0.00000000000000e+00 -nan -nan -nan -nan -1.60217663400000e-19
136 4.99269600000001e-09 6.59705748816559e-10 -4.97090427596417e-03 1.25324821812191e-02 2.37977985865188e-31 -1.80400917875548e-24 6.69106187102803e-24 1.00032191846914e+00 0.00000000000000e+00 0.00000000000000e+00 0.00000000000000e+00 0.00000000000000e+00 0.00000000000000e+00 0.00000000000000e+00 0.00000000000000e+00 0.00000000000000e+00 0.00000000000000e+00 0.00000000000000e+00 -nan -nan -nan -nan -1.60217663400000e-19
137 5.02940700000001e-09 6.69329319092758e-10 -5.04384377331156e-03 1.28019760513917e-02 2.39829536099496e-31 -1.81696247617434e-24 6.68755601319930e-24 1.00032191846907e+00 0.00000000000000e+00 0.00000000000000e+00 0.00000000000000e+00 0.00000000000000e+00 0.00000000000000e+00 0.00000000000000e+00 0.00000000000000e+00 0.00000000000000e+00 0.00000000000000e+00 0.00000000000000e+00 -nan -nan -nan -nan -1.60217663400000e-19
138 5.06611800000001e-09 6.79029885322587e-10 -5.11730498623742e-03 1.30713281750363e-02 2.41765061263819e-31 -1.82990896217755e-24 6.68402507991970e-24 1.00032191846913e+00 0.00000000000000e+00 0.00000000000000e+00 0.00000000000000e+00 0.00000000000000e+00 0.00000000000000e+00 0.00000000000000e+00 0.00000000000000e+00 0.00000000000000e+00 0.00000000000000e+00 0.00000000000000e+00 -nan -nan -nan -nan -1.60217663400000e-19
139 5.10282900000001e-09 6.88809409502939e-10 -5.19128763927628e-03 1.33405375422833e-02 2.43578156989216e-31 -1.84284858623198e-24 6.68046908444186e-24 1.00032191846928e+00 0.00000000000000e+00 0.00000000000000e+00 0.00000000000000e+00 0.00000000000000e+00 0.00000000000000e+00 0.00000000000000e+00 0.00000000000000e+00 0.00000000000000e+00 0.00000000000000e+00 0.00000000000000e+00 -nan -nan -nan -nan -1.60217663400000e-19
140 5.13954000000001e-09 6.98656064950407e-10 -5.26579145499593e-03 1.36096031436300e-02 2.45209528760398e-31 -1.85578129976186e-24 6.67688803804512e-24 1.00032191846931e+00 0.00000000000000e+00 0.00000000000000e+00 0.00000000000000e+00 0.00000000000000e+00 0.00000000000000e+00 0.00000000000000e+00 0.00000000000000e+00 0.00000000000000e+00 0.00000000000000e+00 0.00000000000000e+00 -nan -nan -nan -nan -1.60217663400000e-19
141 5.17625100000001e-09 7.08567036038053e-10 -5.34081615401703e-03 1.38785239701158e-02 2.46871744002263e-31 -1.86870705439844e-24 6.67328195422735e-24 1.00032191846925e+00 0.00000000000000e+00 0.00000000000000e+00 0.00000000000000e+00 0.00000000000000e+00 0.00000000000000e+00 0.00000000000000e+00 0.00000000000000e+00 0.00000000000000e+00 0.00000000000000e+00 0.00000000000000e+00 -nan -nan -nan -nan -1.60217663400000e-19
142 5.21296200000001e-09 7.18547623588960e-10 -5.41636145501010e-03 1.41472990133254e-02 2.48574645609656e-31 -1.88162580165940e-24 6.66965084838947e-24 1.00032191846926e+00 0.00000000000000e+00 0.00000000000000e+00 0.00000000000000e+00 0.00000000000000e+00 0.00000000000000e+00 0.00000000000000e+00 0.00000000000000e+00 0.00000000000000e+00 0.00000000000000e+00 0.00000000000000e+00 -nan -nan -nan -nan -1.60217663400000e-19
143 5.24967300000001e-09 7.28595805062169e-10 -5.49242707468941e-03 1.44159272655392e-02 2.50173804090899e-31 -1.89453749305723e-24 6.66599473414994e-24 1.00032191846933e+00 0.00000000000000e+00 0.00000000000000e+00 0.00000000000000e+00 0.00000000000000e+00 0.00000000000000e+00 0.00000000000000e+00 0.00000000000000e+00 0.00000000000000e+00 0.00000000000000e+00 0.00000000000000e+00 -nan -nan -nan -nan -1.60217663400000e-19
144 5.28638400000001e-09 7.38705243951774e-10 -5.56901272781848e-03 1.46844077194392e-02 2.51714308912210e-31 -1.90744208018955e-24 6.66231362337294e-24 1.00032191846931e+00 0.00000000000000e+00 0.00000000000000e+00 0.00000000000000e+00 0.00000000000000e+00 0.00000000000000e+00 0.00000000000000e+00 0.00000000000000e+00 0.00000000000000e+00 0.00000000000000e+00 0.00000000000000e+00 -nan -nan -nan -nan -1.60217663400000e-19
145 5.32309500000001e-09 7.48877550776429e-10 -5.64611812721168e-03 1.49527393682616e-02 2.53395283997887e-31 -1.92033951463708e-24 6.65860752985278e-24 1.00032191846920e+00 0.00000000000000e+00 0.00000000000000e+00 0.00000000000000e+00 0.00000000000000e+00 0.00000000000000e+00 0.00000000000000e+00 0.00000000000000e+00 0.00000000000000e+00 0.00000000000000e+00 0.00000000000000e+00 -nan -nan -nan -nan -1.60217663400000e-19
146 5.35980600000001e-09 7.59122433333848e-10 -5.72374298373117e-03 1.52209212058001e-02 2.55134614521690e-31 -1.93322974805861e-24 6.65487646935192e-24 1.00032191846915e+00 0.00000000000000e+00 0.00000000000000e+00 0.00000000000000e+00 0.00000000000000e+00 0.00000000000000e+00 0.00000000000000e+00 0.00000000000000e+00 0.00000000000000e+00 0.00000000000000e+00 0.00000000000000e+00 -nan -nan -nan -nan -1.60217663400000e-19
147 5.39651700000001e-09 7.69434885784508e-10 -5.80188700629632e-03 1.54889522265609e-02 2.56786359129829e-31 -1.94611273219153e-24 6.65112045585525e-24 1.00032191846917e+00 0.00000000000000e+00 0.00000000000000e+00 0.00000000000000e+00 0.00000000000000e+00 0.00000000000000e+00 0.00000000000000e+00 0.00000000000000e+00 0.00000000000000e+00 0.00000000000000e+00 0.00000000000000e+00 -nan -nan -nan -nan -1.60217663400000e-19
148 5.43322800000001e-09 7.79812856779656e-10 -5.88054990188039e-03 1.57568314254642e-02 2.58493655843636e-31 -1.95898841866655e-24 6.64733950152490e-24 1.00032191846910e+00 0.00000000000000e+00 0.00000000000000e+00 0.00000000000000e+00 0.00000000000000e+00 0.00000000000000e+00 0.00000000000000e+00 0.00000000000000e+00 0.00000000000000e+00 0.00000000000000e+00 0.00000000000000e+00 -nan -nan -nan -nan -1.60217663400000e-19
149 5.46993900000001e-09 7.90262873749228e-10 -5.95973137550554e-03 1.60245577979966e-02 2.60447988644355e-31 -1.97185675904997e-24 6.64353362260154e-24 1.00032191846909e+00 0.00000000000000e+00 0.00000000000000e+00 0.00000000000000e+00 0.00000000000000e+00 0.00000000000000e+00 0.00000000000000e+00 0.00000000000000e+00 0.00000000000000e+00 0.00000000000000e+00 0.00000000000000e+00 -nan -nan -nan -nan -1.60217663400000e-19
150 5.50665000000001e-09 8.00798314063766e-10 -6.03943113024256e-03 1.62921303403868e-02 2.62430084456031e-31 -1.98471770715023e-24 6.63970283332817e-24 1.00032191846922e+00 0.00000000000000e+00 0.00000000000000e+00 0.00000000000000e+00 0.00000000000000e+00 0.00000000000000e+00 0.00000000000000e+00 0.00000000000000e+00 0.00000000000000e+00 0.00000000000000e+00 0.00000000000000e+00 -nan -nan -nan -nan -1.60217663400000e-19
151 5.54336100000001e-09 8.11408037342473e-10 -6.11964886739157e-03 1.65595480492686e-02 2.64201250147005e-31 -1.99757121483374e-24 6.63584714594032e-24 1.00032191846929e+00 0.00000000000000e+00 0.00000000000000e+00 0.00000000000000e+00 0.00000000000000e+00 0.00000000000000e+00 0.00000000000000e+00 0.00000000000000e+00 0.00000000000000e+00 0.00000000000000e+00 0.00000000000000e+00 -nan -nan -nan -nan -1.60217663400000e-19
152 5.58007200000001e-09 8.22086188384570e-10 -6.20038428614515e-03 1.68268099218570e-02 2.65935744496351e-31 -2.01041723192781e-24 6.63196657495177e-24 1.00032191846926e+00 0.00000000000000e+00 0.00000000000000e+00 0.00000000000000e+00 0.00000000000000e+00 0.00000000000000e+00 0.00000000000000e+00 0.00000000000000e+00 0.00000000000000e+00 0.00000000000000e+00 0.00000000000000e+00 -nan -nan -nan -nan -1.60217663400000e-19
153 5.61678300000001e-09 8.32835667617115e-10 -6.28163708376078e-03 1.70939149559553e-02 2.67715235340485e-31 -2.02325571029592e-24 6.62806113689938e-24 1.00032191846930e+00 0.00000000000000e+00 0.00000000000000e+00 0.00000000000000e+00 0.00000000000000e+00 0.00000000000000e+00 0.00000000000000e+00 0.00000000000000e+00 0.00000000000000e+00 0.00000000000000e+00 0.00000000000000e+00 -nan -nan -nan -nan -1.60217663400000e-19
154 5.65349400000001e-09 8.43657200181530e-10 -6.36340695555253e-03 1.73608621501106e-02 2.69389374520150e-31 -2.03608660169899e-24 6.62413084643476e-24 1.00032191846941e+00 0.00000000000000e+00 0.00000000000000e+00 0.00000000000000e+00 0.00000000000000e+00 0.00000000000000e+00 0.00000000000000e+00 0.00000000000000e+00 0.00000000000000e+00 0.00000000000000e+00 0.00000000000000e+00 -nan -nan -nan -nan -1.60217663400000e-19
155 5.69020500000001e-09 8.54541572282416e-10 -6.44569359489087e-03 1.76276505033070e-02 2.70937169467634e-31 -2.04890985801292e-24 6.62017571638968e-24 1.00032191846942e+00 0.00000000000000e+00 0.00000000000000e+00 0.00000000000000e+00 0.00000000000000e+00 0.00000000000000e+00 0.00000000000000e+00 0.00000000000000e+00 0.00000000000000e+00 0.00000000000000e+00 0.00000000000000e+00 -nan -nan -nan -nan -1.60217663400000e-19
156 5.72691600000001e-09 8.65487817596291e-10 -6.52849669321242e-03 1.78942790151255e-02 2.72559141479304e-31 -2.06172543119433e-24 6.61619576162229e-24 1.00032191846934e+00 0.00000000000000e+00 0.00000000000000e+00 0.00000000000000e+00 0.00000000000000e+00 0.00000000000000e+00 0.00000000000000e+00 0.00000000000000e+00 0.00000000000000e+00 0.00000000000000e+00 0.00000000000000e+00 -nan -nan -nan -nan -1.60217663400000e-19
157 5.76362700000001e-09 8.76502879223882e-10 -6.61181594001658e-03 1.81607466857472e-02 2.74250072200893e-31 -2.07453327317519e-24 6.61219099889533e-24 1.00032191846933e+00 0.00000000000000e+00 0.00000000000000e+00 0.00000000000000e+00 0.00000000000000e+00 0.00000000000000e+00 0.00000000000000e+00 0.00000000000000e+00 0.00000000000000e+00 0.00000000000000e+00 0.00000000000000e+00 -nan -nan -nan -nan -1.60217663400000e-19
158 5.80033800000001e-09 8.87585370375604e-10 -6.69565102286695e-03 1.84270525161040e-02 2.75870236415106e-31 -2.08733333595818e-24 6.60816144322437e-24 1.00032191846938e+00 0.00000000000000e+00 0.00000000000000e+00 0.00000000000000e+00 0.00000000000000e+00 0.00000000000000e+00 0.00000000000000e+00 0.00000000000000e+00 0.00000000000000e+00 0.00000000000000e+00 0.00000000000000e+00 -nan -nan -nan -nan -1.60217663400000e-19
159 5.83704900000001e-09 8.98730975867585e-10 -6.78000162739544e-03 1.86931955075867e-02 2.77483857050282e-31 -2.10012557154236e-24 6.60410710785890e-24 1.00032191846933e+00 0.00000000000000e+00 0.00000000000000e+00 0.00000000000000e+00 0.00000000000000e+00 0.00000000000000e+00 0.00000000000000e+00 0.00000000000000e+00 0.00000000000000e+00 0.00000000000000e+00 0.00000000000000e+00 -nan -nan -nan -nan -1.60217663400000e-19
160 5.87376000000001e-09 9.09943483638321e-10 -6.86486743729809e-03 1.89591746621948e-02 2.79303462997132e-31 -2.11290993183406e-24 6.60002800793308e-24 1.00032191846918e+00 0.00000000000000e+00 0.00000000000000e+00 0.00000000000000e+00 0.00000000000000e+00 0.00000000000000e+00 0.00000000000000e+00 0.00000000000000e+00 0.00000000000000e+00 0.00000000000000e+00 0.00000000000000e+00 -nan -nan -nan -nan -1.60217663400000e-19
161 5.91047100000001e-09 9.21235702905556e-10 -6.95024813433171e-03 1.92249889825386e-02 2.81232940329122e-31 -2.12568636897449e-24 6.59592416078099e-24 1.00032191846910e+00 0.00000000000000e+00 0.00000000000000e+00 0.00000000000000e+00 0.00000000000000e+00 0.00000000000000e+00 0.00000000000000e+00 0.00000000000000e+00 0.00000000000000e+00 0.00000000000000e+00 0.00000000000000e+00 -nan -nan -nan -nan -1.60217663400000e-19
162 5.94718200000001e-09 9.32603677279595e-10 -7.03614339833619e-03 1.94906374720143e-02 2.83064201188452e-31 -2.13845483704097e-24 6.59179558177887e-24 1.00032191846916e+00 0.00000000000000e+00 0.00000000000000e+00 0.00000000000000e+00 0.00000000000000e+00 0.00000000000000e+00 0.00000000000000e+00 0.00000000000000e+00 0.00000000000000e+00 0.00000000000000e+00 0.00000000000000e+00 -nan -nan -nan -nan -1.60217663400000e-19
163 5.98389300000001e-09 9.44043449410414e-10 -7.12255290736795e-03 1.97561191344708e-02 2.84847586455496e-31 -2.15121528812395e-24 6.58764228433406e-24 1.00032191846916e+00 0.00000000000000e+00 0.00000000000000e+00 0.00000000000000e+00 0.00000000000000e+00 0.00000000000000e+00 0.00000000000000e+00 0.00000000000000e+00 0.00000000000000e+00 0.00000000000000e+00 0.00000000000000e+00 -nan -nan -nan -nan -1.60217663400000e-19
164 6.02060400000001e-09 9.55555119097814e-10 -7.20947633740674e-03 2.00214329743849e-02 2.86704597980676e-31 -2.16396767255862e-24 6.58346428605098e-24 1.00032191846923e+00 0.00000000000000e+00 0.00000000000000e+00 0.00000000000000e+00 0.00000000000000e+00 0.00000000000000e+00 0.00000000000000e+00 0.00000000000000e+00 0.00000000000000e+00 0.00000000000000e+00 0.00000000000000e+00 -nan -nan -nan -nan -1.60217663400000e-19
165 6.05731500000001e-09 9.67144518938336e-10 -7.29691336250731e-03 2.02865779970240e-02 2.88480779092257e-31 -2.17671194240069e-24 6.57926160260781e-24 1.00032191846938e+00 0.00000000000000e+00 0.00000000000000e+00 0.00000000000000e+00 0.00000000000000e+00 0.00000000000000e+00 0.00000000000000e+00 0.00000000000000e+00 0.00000000000000e+00 0.00000000000000e+00 0.00000000000000e+00 -nan -nan -nan -nan -1.60217663400000e-19
166 6.09402600000001e-09 9.78799303468123e-10 -7.38486365478616e-03 2.05515532081280e-02 2.90058054906874e-31 -2.18944804978047e-24 6.57503424780355e-24 1.00032191846943e+00 0.00000000000000e+00 0.00000000000000e+00 0.00000000000000e+00 0.00000000000000e+00 0.00000000000000e+00 0.00000000000000e+00 0.00000000000000e+00 0.00000000000000e+00 0.00000000000000e+00 0.00000000000000e+00 -nan -nan -nan -nan -1.60217663400000e-19
167 6.13073700000001e-09 9.90515791463193e-10 -7.47332688444111e-03 2.08163576140762e-02 2.91643013194811e-31 -2.20217594703082e-24 6.57078223754106e-24 1.00032191846938e+00 0.00000000000000e+00 0.00000000000000e+00 0.00000000000000e+00 0.00000000000000e+00 0.00000000000000e+00 0.00000000000000e+00 0.00000000000000e+00 0.00000000000000e+00 0.00000000000000e+00 0.00000000000000e+00 -nan -nan -nan -nan -1.60217663400000e-19
168 6.16744800000001e-09 1.00229828315871e-09 -7.56230271974787e-03 2.10809902218899e-02 2.93331154516825e-31 -2.21489558641564e-24 6.56650558960927e-24 1.00032191846939e+00 0.00000000000000e+00 0.00000000000000e+00 0.00000000000000e+00 0.00000000000000e+00 0.00000000000000e+00 0.00000000000000e+00 0.00000000000000e+00 0.00000000000000e+00 0.00000000000000e+00 0.00000000000000e+00 -nan -nan -nan -nan -1.60217663400000e-19
169 6.20415900000001e-09 1.01415079223725e-09 -7.65179082705800e-03 2.13454500393818e-02 2.94985733231708e-31 -2.22760692024927e-24 6.56220432004799e-24 1.00032191846947e+00 0.00000000000000e+00 0.00000000000000e+00 0.00000000000000e+00 0.00000000000000e+00 0.00000000000000e+00 0.00000000000000e+00 0.00000000000000e+00 0.00000000000000e+00 0.00000000000000e+00 0.00000000000000e+00 -nan -nan -nan -nan -1.60217663400000e-19
170 6.24087000000002e-09 1.02606660072712e-09 -7.74179087080484e-03 2.16097360748655e-02 2.96571849548348e-31 -2.24030990088748e-24 6.55787844314236e-24 1.00032191846946e+00 0.00000000000000e+00 0.00000000000000e+00 0.00000000000000e+00 0.00000000000000e+00 0.00000000000000e+00 0.00000000000000e+00 0.00000000000000e+00 0.00000000000000e+00 0.00000000000000e+00 0.00000000000000e+00 -nan -nan -nan -nan -1.60217663400000e-19
171 6.27758100000002e-09 1.03804691027893e-09 -7.83230251350113e-03 2.18738473373047e-02 2.98294902902267e-31 -2.25300448061435e-24 6.55352797505686e-24 1.00032191846934e+00 0.00000000000000e+00 0.00000000000000e+00 0.00000000000000e+00 0.00000000000000e+00 0.00000000000000e+00 0.00000000000000e+00 0.00000000000000e+00 0.00000000000000e+00 0.00000000000000e+00 0.00000000000000e+00 -nan -nan -nan -nan -1.60217663400000e-19
172 6.31429200000002e-09 1.05010155287056e-09 -7.92332541573553e-03 2.21377828363155e-02 3.00182813652740e-31 -2.26569061181057e-24 6.54915293411395e-24 1.00032191846930e+00 0.00000000000000e+00 0.00000000000000e+00 0.00000000000000e+00 0.00000000000000e+00 0.00000000000000e+00 0.00000000000000e+00 0.00000000000000e+00 0.00000000000000e+00 0.00000000000000e+00 0.00000000000000e+00 -nan -nan -nan -nan -1.60217663400000e-19
173 6.35100300000002e-09 1.06223397982061e-09 -8.01485923618393e-03 2.24015415823379e-02 3.02059379706985e-31 -2.27836824889710e-24 6.54475333670845e-24 1.00032191846938e+00 0.00000000000000e+00 0.00000000000000e+00 0.00000000000000e+00 0.00000000000000e+00 0.00000000000000e+00 0.00000000000000e+00 0.00000000000000e+00 0.00000000000000e+00 0.00000000000000e+00 0.00000000000000e+00 -nan -nan -nan -nan -1.60217663400000e-19
174 6.38771400000002e-09 1.07443982571765e-09 -8.10690363176231e-03 2.26651225863088e-02 3.03843194795657e-31 -2.29103734435711e-24 6.54032919726470e-24 1.00032191846942e+00 0.00000000000000e+00 0.00000000000000e+00 0.00000000000000e+00 0.00000000000000e+00 0.00000000000000e+00 0.00000000000000e+00 0.00000000000000e+00 0.00000000000000e+00 0.00000000000000e+00 0.00000000000000e+00 -nan -nan -nan -nan -1.60217663400000e-19
175 6.42442500000002e-09 1.08671598261371e-09 -8.19945825731804e-03 2.29285248598308e-02 3.05654003174929e-31 -2.30369784883071e-24 6.53588053241695e-24 1.00032191846936e+00 0.00000000000000e+00 0.00000000000000e+00 0.00000000000000e+00 0.00000000000000e+00 0.00000000000000e+00 0.00000000000000e+00 0.00000000000000e+00 0.00000000000000e+00 0.00000000000000e+00 0.00000000000000e+00 -nan -nan -nan -nan -1.60217663400000e-19
176 6.46113600000002e-09 1.09906773342671e-09 -8.29252276578997e-03 2.31917474151810e-02 3.07437251964627e-31 -2.31634971477679e-24 6.53140736083127e-24 1.00032191846937e+00 0.00000000000000e+00 0.00000000000000e+00 0.00000000000000e+00 0.00000000000000e+00 0.00000000000000e+00 0.00000000000000e+00 0.00000000000000e+00 0.00000000000000e+00 0.00000000000000e+00 0.00000000000000e+00 -nan -nan -nan -nan -1.60217663400000e-19
177 6.49784700000002e-09 1.11148757463954e-09 -8.38609680819490e-03 2.34547892654658e-02 3.09047527651528e-31 -2.32899289465621e-24 6.52690969928302e-24 1.00032191846945e+00 0.00000000000000e+00 0.00000000000000e+00 0.00000000000000e+00 0.00000000000000e+00 0.00000000000000e+00 0.00000000000000e+00 0.00000000000000e+00 0.00000000000000e+00 0.00000000000000e+00 0.00000000000000e+00 -nan -nan -nan -nan -1.60217663400000e-19
178 6.53455800000002e-09 1.12396907255414e-09 -8.48018003364110e-03 2.37176494243141e-02 3.10598530619065e-31 -2.34162734111448e-24 6.52238756273001e-24 1.00032191846943e+00 0.00000000000000e+00 0.00000000000000e+00 0.00000000000000e+00 0.00000000000000e+00 0.00000000000000e+00 0.00000000000000e+00 0.00000000000000e+00 0.00000000000000e+00 0.00000000000000e+00 0.00000000000000e+00 -nan -nan -nan -nan -1.60217663400000e-19
179 6.57126900000002e-09 1.13651388500093e-09 -8.57477208932992e-03 2.39803269060376e-02 3.12289392933079e-31 -2.35425300677437e-24 6.51784096814609e-24 1.00032191846932e+00 0.00000000000000e+00 0.00000000000000e+00 0.00000000000000e+00 0.00000000000000e+00 0.00000000000000e+00 0.00000000000000e+00 0.00000000000000e+00 0.00000000000000e+00 0.00000000000000e+00 0.00000000000000e+00 -nan -nan -nan -nan -1.60217663400000e-19
180 6.60798000000002e-09 1.14913162324146e-09 -8.66987262055222e-03 2.42428207256328e-02 3.14011105674325e-31 -2.36686984429879e-24 6.51326993442411e-24 1.00032191846927e+00 0.00000000000000e+00 0.00000000000000e+00 0.00000000000000e+00 0.00000000000000e+00 0.00000000000000e+00 0.00000000000000e+00 0.00000000000000e+00 0.00000000000000e+00 0.00000000000000e+00 0.00000000000000e+00 -nan -nan -nan -nan -1.60217663400000e-19
181 6.64469100000002e-09 1.16181516177086e-09 -8.76548127069525e-03 2.45051298989337e-02 3.15627812644028e-31 -2.37947780642591e-24 6.50867447869736e-24 1.00032191846928e+00 0.00000000000000e+00 0.00000000000000e+00 0.00000000000000e+00 0.00000000000000e+00 0.00000000000000e+00 0.00000000000000e+00 0.00000000000000e+00 0.00000000000000e+00 0.00000000000000e+00 0.00000000000000e+00 -nan -nan -nan -nan -1.60217663400000e-19
182 6.68140200000002e-09 1.17456316531016e-09 -8.86159768124163e-03 2.47672534423171e-02 3.17316466020205e-31 -2.39207684582682e-24 6.50405461630264e-24 1.00032191846920e+00 0.00000000000000e+00 0.00000000000000e+00 0.00000000000000e+00 0.00000000000000e+00 0.00000000000000e+00 0.00000000000000e+00 0.00000000000000e+00 0.00000000000000e+00 0.00000000000000e+00 0.00000000000000e+00 -nan -nan -nan -nan -1.60217663400000e-19
183 6.71811300000002e-09 1.18738276618152e-09 -8.95822149176520e-03 2.50291903728530e-02 3.19260812214053e-31 -2.40466691511971e-24 6.49941036661250e-24 1.00032191846918e+00 0.00000000000000e+00 0.00000000000000e+00 0.00000000000000e+00 0.00000000000000e+00 0.00000000000000e+00 0.00000000000000e+00 0.00000000000000e+00 0.00000000000000e+00 0.00000000000000e+00 0.00000000000000e+00 -nan -nan -nan -nan -1.60217663400000e-19
184 6.75482400000002e-09 1.20028743437471e-09 -9.05535233993087e-03 2.52909397084791e-02 3.21229386598383e-31 -2.41724796915324e-24 6.49474174700637e-24 1.00032191846931e+00 0.00000000000000e+00 0.00000000000000e+00 0.00000000000000e+00 0.00000000000000e+00 0.00000000000000e+00 0.00000000000000e+00 0.00000000000000e+00 0.00000000000000e+00 0.00000000000000e+00 0.00000000000000e+00 -nan -nan -nan -nan -1.60217663400000e-19
185 6.79153500000002e-09 1.21326565207343e-09 -9.15298986167427e-03 2.55525004676654e-02 3.22975564288600e-31 -2.42981996083871e-24 6.49004877287554e-24 1.00032191846939e+00 0.00000000000000e+00 0.00000000000000e+00 0.00000000000000e+00 0.00000000000000e+00 0.00000000000000e+00 0.00000000000000e+00 0.00000000000000e+00 0.00000000000000e+00 0.00000000000000e+00 0.00000000000000e+00 -nan -nan -nan -nan -1.60217663400000e-19
186 6.82824600000002e-09 1.22631101759939e-09 -9.25113369086628e-03 2.58138716695901e-02 3.24669279658397e-31 -2.44238284105254e-24 6.48533146188731e-24 1.00032191846936e+00 0.00000000000000e+00 0.00000000000000e+00 0.00000000000000e+00 0.00000000000000e+00 0.00000000000000e+00 0.00000000000000e+00 0.00000000000000e+00 0.00000000000000e+00 0.00000000000000e+00 0.00000000000000e+00 -nan -nan -nan -nan -1.60217663400000e-19
187 6.86495700000002e-09 1.23942570550750e-09 -9.34978345948442e-03 2.60750523341468e-02 3.26415564445590e-31 -2.45493656271766e-24 6.48058983367779e-24 1.00032191846941e+00 0.00000000000000e+00 0.00000000000000e+00 0.00000000000000e+00 0.00000000000000e+00 0.00000000000000e+00 0.00000000000000e+00 0.00000000000000e+00 0.00000000000000e+00 0.00000000000000e+00 0.00000000000000e+00 -nan -nan -nan -nan -1.60217663400000e-19
188 6.90166800000002e-09 1.25261177699552e-09 -9.44893879760643e-03 2.63360414820958e-02 3.28075809834858e-31 -2.46748107868579e-24 6.47582390603432e-24 1.00032191846952e+00 0.00000000000000e+00 0.00000000000000e+00 0.00000000000000e+00 0.00000000000000e+00 0.00000000000000e+00 0.00000000000000e+00 0.00000000000000e+00 0.00000000000000e+00 0.00000000000000e+00 0.00000000000000e+00 -nan -nan -nan -nan -1.60217663400000e-19
189 6.93837900000002e-09 1.26586023828724e-09 -9.54859933341073e-03 2.65968381347637e-02 3.29613245426246e-31 -2.48001634190885e-24 6.47103369495657e-24 1.00032191846953e+00 0.00000000000000e+00 0.00000000000000e+00 0.00000000000000e+00 0.00000000000000e+00 0.00000000000000e+00 0.00000000000000e+00 0.00000000000000e+00 0.00000000000000e+00 0.00000000000000e+00 0.00000000000000e+00 -nan -nan -nan -nan -1.60217663400000e-19
190 6.97509000000002e-09 1.27917018782514e-09 -9.64876469318427e-03 2.68574413142001e-02 3.31228053293307e-31 -2.49254230539079e-24 6.46621921841023e-24 1.00032191846944e+00 0.00000000000000e+00 0.00000000000000e+00 0.00000000000000e+00 0.00000000000000e+00 0.00000000000000e+00 0.00000000000000e+00 0.00000000000000e+00 0.00000000000000e+00 0.00000000000000e+00 0.00000000000000e+00 -nan -nan -nan -nan -1.60217663400000e-19
191 7.01180100000002e-09 1.29254876139645e-09 -9.74943450131882e-03 2.71178500431793e-02 3.32971962597045e-31 -2.50505892213567e-24 6.46138049632660e-24 1.00032191846942e+00 0.00000000000000e+00 0.00000000000000e+00 0.00000000000000e+00 0.00000000000000e+00 0.00000000000000e+00 0.00000000000000e+00 0.00000000000000e+00 0.00000000000000e+00 0.00000000000000e+00 0.00000000000000e+00 -nan -nan -nan -nan -1.60217663400000e-19
192 7.04851200000002e-09 1.30599922549310e-09 -9.85060838031469e-03 2.73780633453566e-02 3.34707641443314e-31 -2.51756614528946e-24 6.45651754684929e-24 1.00032191846947e+00 0.00000000000000e+00 0.00000000000000e+00 0.00000000000000e+00 0.00000000000000e+00 0.00000000000000e+00 0.00000000000000e+00 0.00000000000000e+00 0.00000000000000e+00 0.00000000000000e+00 0.00000000000000e+00 -nan -nan -nan -nan -1.60217663400000e-19
193 7.08522300000002e-09 1.31951765045846e-09 -9.95228595078826e-03 2.76380802449683e-02 3.36449772675566e-31 -2.53006392797279e-24 6.45163038627068e-24 1.00032191846941e+00 0.00000000000000e+00 0.00000000000000e+00 0.00000000000000e+00 0.00000000000000e+00 0.00000000000000e+00 0.00000000000000e+00 0.00000000000000e+00 0.00000000000000e+00 0.00000000000000e+00 0.00000000000000e+00 -nan -nan -nan -nan -1.60217663400000e-19
194 7.12193400000002e-09 1.33310848584670e-09 -1.00544668314627e-02 2.78978997669827e-02 3.38347828112549e-31 -2.54255222521942e-24 6.44671903285102e-24 1.00032191846932e+00 0.00000000000000e+00 0.00000000000000e+00 0.00000000000000e+00 0.00000000000000e+00 0.00000000000000e+00 0.00000000000000e+00 0.00000000000000e+00 0.00000000000000e+00 0.00000000000000e+00 0.00000000000000e+00 -nan -nan -nan -nan -1.60217663400000e-19
195 7.15864500000002e-09 1.34677984561298e-09 -1.01571506393312e-02 2.81575209371070e-02 3.40259021219305e-31 -2.55503099015675e-24 6.44178350708299e-24 1.00032191846936e+00 0.00000000000000e+00 0.00000000000000e+00 0.00000000000000e+00 0.00000000000000e+00 0.00000000000000e+00 0.00000000000000e+00 0.00000000000000e+00 0.00000000000000e+00 0.00000000000000e+00 0.00000000000000e+00 -nan -nan -nan -nan -1.60217663400000e-19
196 7.19535600000002e-09 1.36052467436286e-09 -1.02603369893402e-02 2.84169427819609e-02 3.41967217154868e-31 -2.56750017398513e-24 6.43682382749797e-24 1.00032191846947e+00 0.00000000000000e+00 0.00000000000000e+00 0.00000000000000e+00 0.00000000000000e+00 0.00000000000000e+00 0.00000000000000e+00 0.00000000000000e+00 0.00000000000000e+00 0.00000000000000e+00 0.00000000000000e+00 -nan -nan -nan -nan -1.60217663400000e-19
197 7.23206700000002e-09 1.37433367110236e-09 -1.03640254945508e-02 2.86761643287448e-02 3.43550772405451e-31 -2.57995972999737e-24 6.43184001066938e-24 1.00032191846949e+00 0.00000000000000e+00 0.00000000000000e+00 0.00000000000000e+00 0.00000000000000e+00 0.00000000000000e+00 0.00000000000000e+00 0.00000000000000e+00 0.00000000000000e+00 0.00000000000000e+00 0.00000000000000e+00 -nan -nan -nan -nan -1.60217663400000e-19
198 7.26877800000002e-09 1.38820609396898e-09 -1.04682157661463e-02 2.89351846054136e-02 3.45213419284357e-31 -2.59240961153321e-24 6.42683207534655e-24 1.00032191846940e+00 0.00000000000000e+00 0.00000000000000e+00 0.00000000000000e+00 0.00000000000000e+00 0.00000000000000e+00 0.00000000000000e+00 0.00000000000000e+00 0.00000000000000e+00 0.00000000000000e+00 0.00000000000000e+00 -nan -nan -nan -nan -1.60217663400000e-19
199 7.30548900000002e-09 1.40214905759085e-09 -1.05729074134280e-02 2.91940026406787e-02 3.46907071384284e-31 -2.60484977188228e-24 6.42180004215151e-24 1.00032191846938e+00 0.00000000000000e+00 0.00000000000000e+00 0.00000000000000e+00 0.00000000000000e+00 0.00000000000000e+00 0.00000000000000e+00 0.00000000000000e+00 0.00000000000000e+00 0.00000000000000e+00 0.00000000000000e+00 -nan -nan -nan -nan -1.60217663400000e-19
200 7.34220000000002e-09 1.41615794556892e-09 -1.06781000438154e-02 2.94526174641565e-02 3.48502314449144e-31 -2.61728016440652e-24 6.41674392994990e-24 1.00032191846942e+00 0.00000000000000e+00 0.00000000000000e+00 0.00000000000000e+00 0.00000000000000e+00 0.00000000000000e+00 0.00000000000000e+00 0.00000000000000e+00 0.00000000000000e+00 0.00000000000000e+00 0.00000000000000e+00 -nan -nan -nan -nan -1.60217663400000e-19
201 7.37891100000002e-09 1.43022944504690e-09 -1.07837932628522e-02 2.97110281060783e-02 3.50115865671078e-31 -2.62970074249370e-24 6.41166375584352e-24 1.00032191846936e+00 0.00000000000000e+00 0.00000000000000e+00 0.00000000000000e+00 0.00000000000000e+00 0.00000000000000e+00 0.00000000000000e+00 0.00000000000000e+00 0.00000000000000e+00 0.00000000000000e+00 0.00000000000000e+00 -nan -nan -nan -nan -1.60217663400000e-19
202 7.41562200000002e-09 1.44436834405105e-09 -1.08899866742021e-02 2.99692335974387e-02 3.51962655427424e-31 -2.64211145944177e-24 6.40655953879823e-24 1.00032191846920e+00 0.00000000000000e+00 0.00000000000000e+00 0.00000000000000e+00 0.00000000000000e+00 0.00000000000000e+00 0.00000000000000e+00 0.00000000000000e+00 0.00000000000000e+00 0.00000000000000e+00 0.00000000000000e+00 -nan -nan -nan -nan -1.60217663400000e-19
203 7.45233300000002e-09 1.45858864762519e-09 -1.09966798796457e-02 3.02272329699971e-02 3.53941743529750e-31 -2.65451226880697e-24 6.40143130002782e-24 1.00032191846910e+00 0.00000000000000e+00 0.00000000000000e+00 0.00000000000000e+00 0.00000000000000e+00 0.00000000000000e+00 0.00000000000000e+00 0.00000000000000e+00 0.00000000000000e+00 0.00000000000000e+00 0.00000000000000e+00 -nan -nan -nan -nan -1.60217663400000e-19
204 7.48904400000002e-09 1.47288701059391e-09 -1.11038724791047e-02 3.04850252564573e-02 3.55764950653396e-31 -2.66690312609022e-24 6.39627905874561e-24 1.00032191846915e+00 0.00000000000000e+00 0.00000000000000e+00 0.00000000000000e+00 0.00000000000000e+00 0.00000000000000e+00 0.00000000000000e+00 0.00000000000000e+00 0.00000000000000e+00 0.00000000000000e+00 0.00000000000000e+00 -nan -nan -nan -nan -1.60217663400000e-19
205 7.52575500000002e-09 1.48725421810619e-09 -1.12115640707740e-02 3.07426094901268e-02 3.57467300207463e-31 -2.67928398477628e-24 6.39110283218808e-24 1.00032191846916e+00 0.00000000000000e+00 0.00000000000000e+00 0.00000000000000e+00 0.00000000000000e+00 0.00000000000000e+00 0.00000000000000e+00 0.00000000000000e+00 0.00000000000000e+00 0.00000000000000e+00 0.00000000000000e+00 -nan -nan -nan -nan -1.60217663400000e-19
206 7.56246600000002e-09 1.50168974697907e-09 -1.13197542508275e-02 3.09999847050983e-02 3.59253390273734e-31 -2.69165479659715e-24 6.38590263987295e-24 1.00032191846908e+00 0.00000000000000e+00 0.00000000000000e+00 0.00000000000000e+00 0.00000000000000e+00 0.00000000000000e+00 0.00000000000000e+00 0.00000000000000e+00 0.00000000000000e+00 0.00000000000000e+00 0.00000000000000e+00 -nan -nan -nan -nan -1.60217663400000e-19
207 7.59917700000002e-09 1.51620086774247e-09 -1.14284426135708e-02 3.12571499362520e-02 3.60987618660762e-31 -2.70401551507275e-24 6.38067850319030e-24 1.00032191846905e+00 0.00000000000000e+00 0.00000000000000e+00 0.00000000000000e+00 0.00000000000000e+00 0.00000000000000e+00 0.00000000000000e+00 0.00000000000000e+00 0.00000000000000e+00 0.00000000000000e+00 0.00000000000000e+00 -nan -nan -nan -nan -1.60217663400000e-19
208 7.63588800000002e-09 1.53077613113941e-09 -1.15376287514329e-02 3.15141042194040e-02 3.62540278300956e-31 -2.71636609380515e-24 6.37543044172273e-24 1.00032191846909e+00 0.00000000000000e+00 0.00000000000000e+00 0.00000000000000e+00 0.00000000000000e+00 0.00000000000000e+00 0.00000000000000e+00 0.00000000000000e+00 0.00000000000000e+00 0.00000000000000e+00 0.00000000000000e+00 -nan -nan -nan -nan -1.60217663400000e-19
209 7.67259900000002e-09 1.54541235662228e-09 -1.16473122549808e-02 3.17708465910123e-02 3.64113160838955e-31 -2.72870648652754e-24 6.37015847328730e-24 1.00032191846904e+00 0.00000000000000e+00 0.00000000000000e+00 0.00000000000000e+00 0.00000000000000e+00 0.00000000000000e+00 0.00000000000000e+00 0.00000000000000e+00 0.00000000000000e+00 0.00000000000000e+00 0.00000000000000e+00 -nan -nan -nan -nan -1.60217663400000e-19
210 7.70931000000002e-09 1.56011435418787e-09 -1.17574927129155e-02 3.20273760883288e-02 3.65876199886409e-31 -2.74103664689778e-24 6.36486261954123e-24 1.00032191846904e+00 0.00000000000000e+00 0.00000000000000e+00 0.00000000000000e+00 0.00000000000000e+00 0.00000000000000e+00 0.00000000000000e+00 0.00000000000000e+00 0.00000000000000e+00 0.00000000000000e+00 0.00000000000000e+00 -nan -nan -nan -nan -1.60217663400000e-19
211 7.74602100000002e-09 1.57489263559834e-09 -1.18681697120702e-02 3.22836917495563e-02 3.67696985537241e-31 -2.75335652876320e-24 6.35954290035030e-24 1.00032191846911e+00 0.00000000000000e+00 0.00000000000000e+00 0.00000000000000e+00 0.00000000000000e+00 0.00000000000000e+00 0.00000000000000e+00 0.00000000000000e+00 0.00000000000000e+00 0.00000000000000e+00 0.00000000000000e+00 -nan -nan -nan -nan -1.60217663400000e-19
212 7.78273200000002e-09 1.58974134199319e-09 -1.19793428374270e-02 3.25397926135473e-02 3.69472149273253e-31 -2.76566608602398e-24 6.35419933371793e-24 1.00032191846909e+00 0.00000000000000e+00 0.00000000000000e+00 0.00000000000000e+00 0.00000000000000e+00 0.00000000000000e+00 0.00000000000000e+00 0.00000000000000e+00 0.00000000000000e+00 0.00000000000000e+00 0.00000000000000e+00 -nan -nan -nan -nan -1.60217663400000e-19
213 7.81944300000002e-09 1.60466265627156e-09 -1.20910116721046e-02 3.27956777199555e-02 3.71297852326327e-31 -2.77796527433833e-24 6.34883193962151e-24 1.00032191846903e+00 0.00000000000000e+00 0.00000000000000e+00 0.00000000000000e+00 0.00000000000000e+00 0.00000000000000e+00 0.00000000000000e+00 0.00000000000000e+00 0.00000000000000e+00 0.00000000000000e+00 0.00000000000000e+00 -nan -nan -nan -nan -1.60217663400000e-19
214 7.85615400000002e-09 1.61965846771274e-09 -1.22031757975125e-02 3.30513461092430e-02 3.73170702900146e-31 -2.79025404759673e-24 6.34344074021024e-24 1.00032191846911e+00 0.00000000000000e+00 0.00000000000000e+00 0.00000000000000e+00 0.00000000000000e+00 0.00000000000000e+00 0.00000000000000e+00 0.00000000000000e+00 0.00000000000000e+00 0.00000000000000e+00 0.00000000000000e+00 -nan -nan -nan -nan -1.60217663400000e-19
215 7.89286500000002e-09 1.63473068592368e-09 -1.23158347930541e-02 3.33067968228479e-02 3.74919941033541e-31 -2.80253235775670e-24 6.33802575571178e-24 1.00032191846925e+00 0.00000000000000e+00 0.00000000000000e+00 0.00000000000000e+00 0.00000000000000e+00 0.00000000000000e+00 0.00000000000000e+00 0.00000000000000e+00 0.00000000000000e+00 0.00000000000000e+00 0.00000000000000e+00 -nan -nan -nan -nan -1.60217663400000e-19
216 7.92957600000002e-09 1.64986744129119e-09 -1.24289882362676e-02 3.35620289028624e-02 3.76481868172308e-31 -2.81480015872743e-24 6.33258700445522e-24 1.00032191846929e+00 0.00000000000000e+00 0.00000000000000e+00 0.00000000000000e+00 0.00000000000000e+00 0.00000000000000e+00 0.00000000000000e+00 0.00000000000000e+00 0.00000000000000e+00 0.00000000000000e+00 0.00000000000000e+00 -nan -nan -nan -nan -1.60217663400000e-19
217 7.96628700000002e-09 1.66506551094534e-09 -1.25426357028430e-02 3.38170413922015e-02 3.78062586717554e-31 -2.82705740458025e-24 6.32712450688719e-24 1.00032191846924e+00 0.00000000000000e+00 0.00000000000000e+00 0.00000000000000e+00 0.00000000000000e+00 0.00000000000000e+00 0.00000000000000e+00 0.00000000000000e+00 0.00000000000000e+00 0.00000000000000e+00 0.00000000000000e+00 -nan -nan -nan -nan -1.60217663400000e-19
218 8.00299800000002e-09 1.68032963186358e-09 -1.26567767666178e-02 3.40718333346047e-02 3.79771070602438e-31 -2.83930404932339e-24 6.32163828534832e-24 1.00032191846924e+00 0.00000000000000e+00 0.00000000000000e+00 0.00000000000000e+00 0.00000000000000e+00 0.00000000000000e+00 0.00000000000000e+00 0.00000000000000e+00 0.00000000000000e+00 0.00000000000000e+00 0.00000000000000e+00 -nan -nan -nan -nan -1.60217663400000e-19
