#[0]step() [1]time(s) [2]x_mean(m) [3]y_mean(m) [4]z_mean(m) [5]px_mean(kg*m/s) [6]py_mean(kg*m/s) [7]pz_mean(kg*m/s) [8]gamma_mean() [9]x_rms(m) [10]y_rms(m) [11]z_rms(m) [12]px_rms(kg*m/s) [13]py_rms(kg*m/s) [14]pz_rms(kg*m/s) [15]gamma_rms() [16]emittance_x(m) [17]emittance_y(m) [18]emittance_z(m) [19]alpha_x() [20]alpha_y() [21]beta_x(m) [22]beta_y(m) [23]charge(C)
0 0.00000000000000e+00 0.00000000000000e+00 0.00000000000000e+00 -2.50000000000000e-02 0.00000000000000e+00 0.00000000000000e+00 6.92998976172067e-24 1.00032191846926e+00 0.00000000000000e+00 0.00000000000000e+00 0.00000000000000e+00 0.00000000000000e+00 0.00000000000000e+00 0.00000000000000e+00 0.00000000000000e+00 0.00000000000000e+00 0.00000000000000e+00 0.00000000000000e+00 -nan -nan -nan -nan -1.60217663400000e-19
1 3.67110000000000e-11 4.45772358173697e-14 -2.70313909534682e-08 -2.47208098934168e-02 2.05570645159731e-33 -1.34193543212465e-27 6.92998963108887e-24 1.00032191846919e+00 0.00000000000000e+00 0.00000000000000e+00 0.00000000000000e+00 0.00000000000000e+00 0.00000000000000e+00 0.00000000000000e+00 0.00000000000000e+00 0.00000000000000e+00 0.00000000000000e+00 0.00000000000000e+00 -nan -nan -nan -nan -1.60217663400000e-19
2 7.34220000000000e-11 1.65637447051155e-13 -1.08125728560727e-07 -2.44416197972661e-02 3.91886300488112e-33 -2.68387283428933e-27 6.92998924159348e-24 1.00032191846922e+00 0.00000000000000e+00 0.00000000000000e+00 0.00000000000000e+00 0.00000000000000e+00 0.00000000000000e+00 0.00000000000000e+00 0.00000000000000e+00 0.00000000000000e+00 0.00000000000000e+00 0.00000000000000e+00 -nan -nan -nan -nan -1.60217663400000e-19
3 1.10133000000000e-10 3.60337524922538e-13 -2.43283006932373e-07 -2.41624297220663e-02 5.83340866076755e-33 -4.02581018685817e-27 6.92998859100855e-24 1.00032191846913e+00 0.00000000000000e+00 0.00000000000000e+00 0.00000000000000e+00 0.00000000000000e+00 0.00000000000000e+00 0.00000000000000e+00 0.00000000000000e+00 0.00000000000000e+00 0.00000000000000e+00 0.00000000000000e+00 -nan -nan -nan -nan -1.60217663400000e-19
4 1.46844000000000e-10 6.35661227647334e-13 -4.32503227961685e-07 -2.38832396783360e-02 7.86044605207192e-33 -5.36774750031933e-27 6.92998768155567e-24 1.00032191846914e+00 0.00000000000000e+00 0.00000000000000e+00 0.00000000000000e+00 0.00000000000000e+00 0.00000000000000e+00 0.00000000000000e+00 0.00000000000000e+00 0.00000000000000e+00 0.00000000000000e+00 0.00000000000000e+00 -nan -nan -nan -nan -1.60217663400000e-19
5 1.83555000000000e-10 9.93688758381455e-13 -6.75786386612931e-07 -2.36040496764149e-02 9.80682140487242e-33 -6.70968453155590e-27 6.92998651323419e-24 1.00032191846923e+00 0.00000000000000e+00 0.00000000000000e+00 0.00000000000000e+00 0.00000000000000e+00 0.00000000000000e+00 0.00000000000000e+00 0.00000000000000e+00 0.00000000000000e+00 0.00000000000000e+00 0.00000000000000e+00 -nan -nan -nan -nan -1.60217663400000e-19
6 2.20266000000000e-10 1.42584061338964e-12 -9.73132465173045e-07 -2.33248597268216e-02 1.16621825152539e-32 -8.05162121964816e-27 6.92998508382222e-24 1.00032191846921e+00 0.00000000000000e+00 0.00000000000000e+00 0.00000000000000e+00 0.00000000000000e+00 0.00000000000000e+00 0.00000000000000e+00 0.00000000000000e+00 0.00000000000000e+00 0.00000000000000e+00 0.00000000000000e+00 -nan -nan -nan -nan -1.60217663400000e-19
7 2.56977000000000e-10 1.93336287253834e-12 -1.32454145370648e-06 -2.30456698400746e-02 1.36703299844967e-32 -9.39355775742452e-27 6.92998339332033e-24 1.00032191846908e+00 0.00000000000000e+00 0.00000000000000e+00 0.00000000000000e+00 0.00000000000000e+00 0.00000000000000e+00 0.00000000000000e+00 0.00000000000000e+00 0.00000000000000e+00 0.00000000000000e+00 0.00000000000000e+00 -nan -nan -nan -nan -1.60217663400000e-19
8 2.93688000000000e-10 2.52732013504985e-12 -1.73001335003725e-06 -2.27664800266925e-02 1.57097243784839e-32 -1.07354939729294e-26 6.92998144394665e-24 1.00032191846904e+00 0.00000000000000e+00 0.00000000000000e+00 0.00000000000000e+00 0.00000000000000e+00 0.00000000000000e+00 0.00000000000000e+00 0.00000000000000e+00 0.00000000000000e+00 0.00000000000000e+00 0.00000000000000e+00 -nan -nan -nan -nan -1.60217663400000e-19
9 3.30399000000000e-10 3.19916550593862e-12 -2.18954813038308e-06 -2.24872902970152e-02 1.75874434558924e-32 -1.20774296235442e-26 6.92997923570097e-24 1.00032191846909e+00 0.00000000000000e+00 0.00000000000000e+00 0.00000000000000e+00 0.00000000000000e+00 0.00000000000000e+00 0.00000000000000e+00 0.00000000000000e+00 0.00000000000000e+00 0.00000000000000e+00 0.00000000000000e+00 -nan -nan -nan -nan -1.60217663400000e-19
10 3.67110000000000e-10 3.94441897809108e-12 -2.70314577300181e-06 -2.22081006615613e-02 1.94757423918043e-32 -1.34193648305817e-26 6.92997676636575e-24 1.00032191846902e+00 0.00000000000000e+00 0.00000000000000e+00 0.00000000000000e+00 0.00000000000000e+00 0.00000000000000e+00 0.00000000000000e+00 0.00000000000000e+00 0.00000000000000e+00 0.00000000000000e+00 0.00000000000000e+00 -nan -nan -nan -nan -1.60217663400000e-19
11 4.03821000000000e-10 4.76841302505716e-12 -3.27080626389471e-06 -2.19289111308493e-02 2.15070106331388e-32 -1.47612996753811e-26 6.92997403815622e-24 1.00032191846904e+00 0.00000000000000e+00 0.00000000000000e+00 0.00000000000000e+00 0.00000000000000e+00 0.00000000000000e+00 0.00000000000000e+00 0.00000000000000e+00 0.00000000000000e+00 0.00000000000000e+00 0.00000000000000e+00 -nan -nan -nan -nan -1.60217663400000e-19
12 4.40532000000000e-10 5.67733484854901e-12 -3.89252958788189e-06 -2.16497217152195e-02 2.34885783584461e-32 -1.61032339159345e-26 6.92997105107235e-24 1.00032191846916e+00 0.00000000000000e+00 0.00000000000000e+00 0.00000000000000e+00 0.00000000000000e+00 0.00000000000000e+00 0.00000000000000e+00 0.00000000000000e+00 0.00000000000000e+00 0.00000000000000e+00 0.00000000000000e+00 -nan -nan -nan -nan -1.60217663400000e-19
13 4.77243000000000e-10 6.66099265437690e-12 -4.56831571144771e-06 -2.13705324251903e-02 2.53388590786818e-32 -1.74451674204373e-26 6.92996780289994e-24 1.00032191846916e+00 0.00000000000000e+00 0.00000000000000e+00 0.00000000000000e+00 0.00000000000000e+00 0.00000000000000e+00 0.00000000000000e+00 0.00000000000000e+00 0.00000000000000e+00 0.00000000000000e+00 0.00000000000000e+00 -nan -nan -nan -nan -1.60217663400000e-19
14 5.13954000000000e-10 7.71899985656652e-12 -5.29816460880106e-06 -2.10913432712802e-02 2.73010424338608e-32 -1.87871003801323e-26 6.92996429364029e-24 1.00032191846905e+00 0.00000000000000e+00 0.00000000000000e+00 0.00000000000000e+00 0.00000000000000e+00 0.00000000000000e+00 0.00000000000000e+00 0.00000000000000e+00 0.00000000000000e+00 0.00000000000000e+00 0.00000000000000e+00 -nan -nan -nan -nan -1.60217663400000e-19
15 5.50665000000000e-10 8.86075953600875e-12 -6.08207626183563e-06 -2.08121542640076e-02 2.93251982073040e-32 -2.01290326947752e-26 6.92996052550406e-24 1.00032191846903e+00 0.00000000000000e+00 0.00000000000000e+00 0.00000000000000e+00 0.00000000000000e+00 0.00000000000000e+00 0.00000000000000e+00 0.00000000000000e+00 0.00000000000000e+00 0.00000000000000e+00 0.00000000000000e+00 -nan -nan -nan -nan -1.60217663400000e-19
16 5.87376000000000e-10 1.00818620062444e-11 -6.92005063669148e-06 -2.05329654137131e-02 3.12190654914344e-32 -2.14709641233841e-26 6.92995649849140e-24 1.00032191846910e+00 0.00000000000000e+00 0.00000000000000e+00 0.00000000000000e+00 0.00000000000000e+00 0.00000000000000e+00 0.00000000000000e+00 0.00000000000000e+00 0.00000000000000e+00 0.00000000000000e+00 0.00000000000000e+00 -nan -nan -nan -nan -1.60217663400000e-19
17 6.24087000000000e-10 1.13762190284410e-11 -7.81208769582807e-06 -2.02537767309149e-02 3.30831700941721e-32 -2.28128947151803e-26 6.92995221039333e-24 1.00032191846905e+00 0.00000000000000e+00 0.00000000000000e+00 0.00000000000000e+00 0.00000000000000e+00 0.00000000000000e+00 0.00000000000000e+00 0.00000000000000e+00 0.00000000000000e+00 0.00000000000000e+00 0.00000000000000e+00 -nan -nan -nan -nan -1.60217663400000e-19
18 6.60798000000000e-10 1.27475207293081e-11 -8.75818740936042e-06 -1.99745882261316e-02 3.51204548285958e-32 -2.41548246205370e-26 6.92994766341634e-24 1.00032191846910e+00 0.00000000000000e+00 0.00000000000000e+00 0.00000000000000e+00 0.00000000000000e+00 0.00000000000000e+00 0.00000000000000e+00 0.00000000000000e+00 0.00000000000000e+00 0.00000000000000e+00 0.00000000000000e+00 -nan -nan -nan -nan -1.60217663400000e-19
19 6.97509000000000e-10 1.42060308785544e-11 -9.75834975187243e-06 -1.96953999097037e-02 3.71390739086862e-32 -2.54967535995292e-26 6.92994285756065e-24 1.00032191846923e+00 0.00000000000000e+00 0.00000000000000e+00 0.00000000000000e+00 0.00000000000000e+00 0.00000000000000e+00 0.00000000000000e+00 0.00000000000000e+00 0.00000000000000e+00 0.00000000000000e+00 0.00000000000000e+00 -nan -nan -nan -nan -1.60217663400000e-19
20 7.34220000000000e-10 1.57399817313635e-11 -1.08125746741301e-05 -1.94162117921497e-02 3.89868023680329e-32 -2.68386814510620e-26 6.92993779062177e-24 1.00032191846925e+00 0.00000000000000e+00 0.00000000000000e+00 0.00000000000000e+00 0.00000000000000e+00 0.00000000000000e+00 0.00000000000000e+00 0.00000000000000e+00 0.00000000000000e+00 0.00000000000000e+00 0.00000000000000e+00 -nan -nan -nan -nan -1.60217663400000e-19
21 7.70931000000000e-10 1.73473716122525e-11 -1.19208621345232e-05 -1.91370238839877e-02 4.09057560935620e-32 -2.81806083636068e-26 6.92993246260171e-24 1.00032191846916e+00 0.00000000000000e+00 0.00000000000000e+00 0.00000000000000e+00 0.00000000000000e+00 0.00000000000000e+00 0.00000000000000e+00 0.00000000000000e+00 0.00000000000000e+00 0.00000000000000e+00 0.00000000000000e+00 -nan -nan -nan -nan -1.60217663400000e-19
22 8.07642000000000e-10 1.90359411344050e-11 -1.30832120990038e-05 -1.88578361957359e-02 4.29171174274488e-32 -2.95225343073779e-26 6.92992687570047e-24 1.00032191846916e+00 0.00000000000000e+00 0.00000000000000e+00 0.00000000000000e+00 0.00000000000000e+00 0.00000000000000e+00 0.00000000000000e+00 0.00000000000000e+00 0.00000000000000e+00 0.00000000000000e+00 0.00000000000000e+00 -nan -nan -nan -nan -1.60217663400000e-19
23 8.44353000000000e-10 2.08053953782207e-11 -1.42996245235697e-05 -1.85786487377355e-02 4.48296586708637e-32 -3.08644590440418e-26 6.92992102991841e-24 1.00032191846925e+00 0.00000000000000e+00 0.00000000000000e+00 0.00000000000000e+00 0.00000000000000e+00 0.00000000000000e+00 0.00000000000000e+00 0.00000000000000e+00 0.00000000000000e+00 0.00000000000000e+00 0.00000000000000e+00 -nan -nan -nan -nan -1.60217663400000e-19
24 8.81064000000000e-10 2.26480668874018e-11 -1.55700993549523e-05 -1.82994615205046e-02 4.66725906343664e-32 -3.22063825518110e-26 6.92991492305807e-24 1.00032191846922e+00 0.00000000000000e+00 0.00000000000000e+00 0.00000000000000e+00 0.00000000000000e+00 0.00000000000000e+00 0.00000000000000e+00 0.00000000000000e+00 0.00000000000000e+00 0.00000000000000e+00 0.00000000000000e+00 -nan -nan -nan -nan -1.60217663400000e-19
25 9.17775000000000e-10 2.45660143877749e-11 -1.68946365474030e-05 -1.80202745545612e-02 4.86869753754553e-32 -3.35483050164107e-26 6.92990855512185e-24 1.00032191846908e+00 0.00000000000000e+00 0.00000000000000e+00 0.00000000000000e+00 0.00000000000000e+00 0.00000000000000e+00 0.00000000000000e+00 0.00000000000000e+00 0.00000000000000e+00 0.00000000000000e+00 0.00000000000000e+00 -nan -nan -nan -nan -1.60217663400000e-19
26 9.54486000000000e-10 2.65709938693003e-11 -1.82732360626179e-05 -1.77410878504232e-02 5.07134953164836e-32 -3.48902262311625e-26 6.92990192830207e-24 1.00032191846903e+00 0.00000000000000e+00 0.00000000000000e+00 0.00000000000000e+00 0.00000000000000e+00 0.00000000000000e+00 0.00000000000000e+00 0.00000000000000e+00 0.00000000000000e+00 0.00000000000000e+00 0.00000000000000e+00 -nan -nan -nan -nan -1.60217663400000e-19
27 9.91197000000000e-10 2.86522271292573e-11 -1.97058978382034e-05 -1.74619014184323e-02 5.25616531164146e-32 -3.62321459596336e-26 6.92989504259925e-24 1.00032191846907e+00 0.00000000000000e+00 0.00000000000000e+00 0.00000000000000e+00 0.00000000000000e+00 0.00000000000000e+00 0.00000000000000e+00 0.00000000000000e+00 0.00000000000000e+00 0.00000000000000e+00 0.00000000000000e+00 -nan -nan -nan -nan -1.60217663400000e-19
28 1.02790800000000e-09 3.08061209363131e-11 -2.11926218167880e-05 -1.71827152691061e-02 5.44407268693523e-32 -3.75740643557836e-26 6.92988789582409e-24 1.00032191846900e+00 0.00000000000000e+00 0.00000000000000e+00 0.00000000000000e+00 0.00000000000000e+00 0.00000000000000e+00 0.00000000000000e+00 0.00000000000000e+00 0.00000000000000e+00 0.00000000000000e+00 0.00000000000000e+00 -nan -nan -nan -nan -1.60217663400000e-19
29 1.06461900000000e-09 3.30387595581671e-11 -2.27334079483925e-05 -1.69035294129627e-02 5.64421149811754e-32 -3.89159814579215e-26 6.92988049016240e-24 1.00032191846902e+00 0.00000000000000e+00 0.00000000000000e+00 0.00000000000000e+00 0.00000000000000e+00 0.00000000000000e+00 0.00000000000000e+00 0.00000000000000e+00 0.00000000000000e+00 0.00000000000000e+00 0.00000000000000e+00 -nan -nan -nan -nan -1.60217663400000e-19
30 1.10133000000000e-09 3.53539141411197e-11 -2.43282561787400e-05 -1.66243438603438e-02 5.83759956415731e-32 -4.02578970313911e-26 6.92987282561468e-24 1.00032191846913e+00 0.00000000000000e+00 0.00000000000000e+00 0.00000000000000e+00 0.00000000000000e+00 0.00000000000000e+00 0.00000000000000e+00 0.00000000000000e+00 0.00000000000000e+00 0.00000000000000e+00 0.00000000000000e+00 -nan -nan -nan -nan -1.60217663400000e-19
31 1.13804100000000e-09 3.77423741621040e-11 -2.59771664389270e-05 -1.63451586217673e-02 6.02011051285379e-32 -4.15998109856148e-26 6.92986489999849e-24 1.00032191846912e+00 0.00000000000000e+00 0.00000000000000e+00 0.00000000000000e+00 0.00000000000000e+00 0.00000000000000e+00 0.00000000000000e+00 0.00000000000000e+00 0.00000000000000e+00 0.00000000000000e+00 0.00000000000000e+00 -nan -nan -nan -nan -1.60217663400000e-19
32 1.17475200000000e-09 4.02045859651062e-11 -2.76801386673875e-05 -1.60659737077506e-02 6.21566911106004e-32 -4.29417235015130e-26 6.92985671331686e-24 1.00032191846900e+00 0.00000000000000e+00 0.00000000000000e+00 0.00000000000000e+00 0.00000000000000e+00 0.00000000000000e+00 0.00000000000000e+00 0.00000000000000e+00 0.00000000000000e+00 0.00000000000000e+00 0.00000000000000e+00 -nan -nan -nan -nan -1.60217663400000e-19
33 1.21146300000000e-09 4.27506162798974e-11 -2.94371728097955e-05 -1.57867891288115e-02 6.41547750889601e-32 -4.42836344434516e-26 6.92984826774593e-24 1.00032191846897e+00 0.00000000000000e+00 0.00000000000000e+00 0.00000000000000e+00 0.00000000000000e+00 0.00000000000000e+00 0.00000000000000e+00 0.00000000000000e+00 0.00000000000000e+00 0.00000000000000e+00 0.00000000000000e+00 -nan -nan -nan -nan -1.60217663400000e-19
34 1.24817400000000e-09 4.53738226300114e-11 -3.12482687936642e-05 -1.55076048952922e-02 6.60064644601348e-32 -4.56255435792478e-26 6.92983956328634e-24 1.00032191846903e+00 0.00000000000000e+00 0.00000000000000e+00 0.00000000000000e+00 0.00000000000000e+00 0.00000000000000e+00 0.00000000000000e+00 0.00000000000000e+00 0.00000000000000e+00 0.00000000000000e+00 0.00000000000000e+00 -nan -nan -nan -nan -1.60217663400000e-19
35 1.28488500000000e-09 4.80690518247956e-11 -3.31134265459428e-05 -1.52284210177103e-02 6.78493415961960e-32 -4.69674509908363e-26 6.92983059776577e-24 1.00032191846898e+00 0.00000000000000e+00 0.00000000000000e+00 0.00000000000000e+00 0.00000000000000e+00 0.00000000000000e+00 0.00000000000000e+00 0.00000000000000e+00 0.00000000000000e+00 0.00000000000000e+00 0.00000000000000e+00 -nan -nan -nan -nan -1.60217663400000e-19
36 1.32159600000000e-09 5.08407470137754e-11 -3.50326460007554e-05 -1.49492375065830e-02 6.98437368339924e-32 -4.83093567811270e-26 6.92982137335236e-24 1.00032191846901e+00 0.00000000000000e+00 0.00000000000000e+00 0.00000000000000e+00 0.00000000000000e+00 0.00000000000000e+00 0.00000000000000e+00 0.00000000000000e+00 0.00000000000000e+00 0.00000000000000e+00 0.00000000000000e+00 -nan -nan -nan -nan -1.60217663400000e-19
37 1.35830700000000e-09 5.36966735373744e-11 -3.70059270933507e-05 -1.46700543722533e-02 7.18015872449215e-32 -4.96512607201741e-26 6.92981189004674e-24 1.00032191846914e+00 0.00000000000000e+00 0.00000000000000e+00 0.00000000000000e+00 0.00000000000000e+00 0.00000000000000e+00 0.00000000000000e+00 0.00000000000000e+00 0.00000000000000e+00 0.00000000000000e+00 0.00000000000000e+00 -nan -nan -nan -nan -1.60217663400000e-19
38 1.39501800000000e-09 5.66261214753039e-11 -3.90332697393082e-05 -1.43908716252383e-02 7.36123892224746e-32 -5.09931626519626e-26 6.92980214568488e-24 1.00032191846915e+00 0.00000000000000e+00 0.00000000000000e+00 0.00000000000000e+00 0.00000000000000e+00 0.00000000000000e+00 0.00000000000000e+00 0.00000000000000e+00 0.00000000000000e+00 0.00000000000000e+00 0.00000000000000e+00 -nan -nan -nan -nan -1.60217663400000e-19
39 1.43172900000000e-09 5.96279523990394e-11 -4.11146738613152e-05 -1.41116892760553e-02 7.55131846377628e-32 -5.23350627514345e-26 6.92979214027044e-24 1.00032191846905e+00 0.00000000000000e+00 0.00000000000000e+00 0.00000000000000e+00 0.00000000000000e+00 0.00000000000000e+00 0.00000000000000e+00 0.00000000000000e+00 0.00000000000000e+00 0.00000000000000e+00 0.00000000000000e+00 -nan -nan -nan -nan -1.60217663400000e-19
40 1.46844000000000e-09 6.27105559101839e-11 -4.32501393890469e-05 -1.38325073352212e-02 7.74862333840430e-32 -5.36769609510449e-26 6.92978187595998e-24 1.00032191846904e+00 0.00000000000000e+00 0.00000000000000e+00 0.00000000000000e+00 0.00000000000000e+00 0.00000000000000e+00 0.00000000000000e+00 0.00000000000000e+00 0.00000000000000e+00 0.00000000000000e+00 0.00000000000000e+00 -nan -nan -nan -nan -1.60217663400000e-19
41 1.50515100000000e-09 6.58713641806060e-11 -4.54396662397557e-05 -1.35533258130795e-02 7.93445854702567e-32 -5.50188570238940e-26 6.92977135275425e-24 1.00032191846912e+00 0.00000000000000e+00 0.00000000000000e+00 0.00000000000000e+00 0.00000000000000e+00 0.00000000000000e+00 0.00000000000000e+00 0.00000000000000e+00 0.00000000000000e+00 0.00000000000000e+00 0.00000000000000e+00 -nan -nan -nan -nan -1.60217663400000e-19
42 1.54186200000000e-09 6.91037034164414e-11 -4.76832543248179e-05 -1.32741447201472e-02 8.11551864048654e-32 -5.63607509827077e-26 6.92976056850121e-24 1.00032191846908e+00 0.00000000000000e+00 0.00000000000000e+00 0.00000000000000e+00 0.00000000000000e+00 0.00000000000000e+00 0.00000000000000e+00 0.00000000000000e+00 0.00000000000000e+00 0.00000000000000e+00 0.00000000000000e+00 -nan -nan -nan -nan -1.60217663400000e-19
43 1.57857300000000e-09 7.24103998880727e-11 -4.99809035625204e-05 -1.29949640669409e-02 8.31456643845156e-32 -5.77026429903711e-26 6.92974952534809e-24 1.00032191846914e+00 0.00000000000000e+00 0.00000000000000e+00 0.00000000000000e+00 0.00000000000000e+00 0.00000000000000e+00 0.00000000000000e+00 0.00000000000000e+00 0.00000000000000e+00 0.00000000000000e+00 0.00000000000000e+00 -nan -nan -nan -nan -1.60217663400000e-19
44 1.61528400000000e-09 7.58031208217442e-11 -5.23326138773713e-05 -1.27157838638047e-02 8.51300395136699e-32 -5.90445328226821e-26 6.92973822329561e-24 1.00032191846928e+00 0.00000000000000e+00 0.00000000000000e+00 0.00000000000000e+00 0.00000000000000e+00 0.00000000000000e+00 0.00000000000000e+00 0.00000000000000e+00 0.00000000000000e+00 0.00000000000000e+00 0.00000000000000e+00 -nan -nan -nan -nan -1.60217663400000e-19
45 1.65199500000000e-09 7.92697072572989e-11 -5.47383851695759e-05 -1.24366041212553e-02 8.69301558655050e-32 -6.03864202626757e-26 6.92972666020140e-24 1.00032191846931e+00 0.00000000000000e+00 0.00000000000000e+00 0.00000000000000e+00 0.00000000000000e+00 0.00000000000000e+00 0.00000000000000e+00 0.00000000000000e+00 0.00000000000000e+00 0.00000000000000e+00 0.00000000000000e+00 -nan -nan -nan -nan -1.60217663400000e-19
46 1.68870600000000e-09 8.28074716025338e-11 -5.71982173461698e-05 -1.21574248498092e-02 8.87804922801205e-32 -6.17283054781428e-26 6.92971483606963e-24 1.00032191846923e+00 0.00000000000000e+00 0.00000000000000e+00 0.00000000000000e+00 0.00000000000000e+00 0.00000000000000e+00 0.00000000000000e+00 0.00000000000000e+00 0.00000000000000e+00 0.00000000000000e+00 0.00000000000000e+00 -nan -nan -nan -nan -1.60217663400000e-19
47 1.72541700000000e-09 8.64231479043317e-11 -5.97121103208778e-05 -1.18782460599829e-02 9.07320870283177e-32 -6.30701884655376e-26 6.92970275303423e-24 1.00032191846924e+00 0.00000000000000e+00 0.00000000000000e+00 0.00000000000000e+00 0.00000000000000e+00 0.00000000000000e+00 0.00000000000000e+00 0.00000000000000e+00 0.00000000000000e+00 0.00000000000000e+00 0.00000000000000e+00 -nan -nan -nan -nan -1.60217663400000e-19
48 1.76212800000000e-09 9.01181609518405e-11 -6.22800640004573e-05 -1.15990677621209e-02 9.26002376556682e-32 -6.44120690042775e-26 6.92969041109605e-24 1.00032191846933e+00 0.00000000000000e+00 0.00000000000000e+00 0.00000000000000e+00 0.00000000000000e+00 0.00000000000000e+00 0.00000000000000e+00 0.00000000000000e+00 0.00000000000000e+00 0.00000000000000e+00 0.00000000000000e+00 -nan -nan -nan -nan -1.60217663400000e-19
49 1.79883900000000e-09 9.38843624905365e-11 -6.49020782808431e-05 -1.13198899667397e-02 9.43826746244979e-32 -6.57539470418309e-26 6.92967780812637e-24 1.00032191846932e+00 0.00000000000000e+00 0.00000000000000e+00 0.00000000000000e+00 0.00000000000000e+00 0.00000000000000e+00 0.00000000000000e+00 0.00000000000000e+00 0.00000000000000e+00 0.00000000000000e+00 0.00000000000000e+00 -nan -nan -nan -nan -1.60217663400000e-19
50 1.83555000000000e-09 9.77229944427860e-11 -6.75781530645691e-05 -1.10407126843552e-02 9.63118166751542e-32 -6.70958227400675e-26 6.92966494412965e-24 1.00032191846919e+00 0.00000000000000e+00 0.00000000000000e+00 0.00000000000000e+00 0.00000000000000e+00 0.00000000000000e+00 0.00000000000000e+00 0.00000000000000e+00 0.00000000000000e+00 0.00000000000000e+00 0.00000000000000e+00 -nan -nan -nan -nan -1.60217663400000e-19
51 1.87226100000000e-09 1.01644635569670e-10 -7.03082882606129e-05 -1.07615359254836e-02 9.82646300747555e-32 -6.84376959361769e-26 6.92965182122564e-24 1.00032191846915e+00 0.00000000000000e+00 0.00000000000000e+00 0.00000000000000e+00 0.00000000000000e+00 0.00000000000000e+00 0.00000000000000e+00 0.00000000000000e+00 0.00000000000000e+00 0.00000000000000e+00 0.00000000000000e+00 -nan -nan -nan -nan -1.60217663400000e-19
52 1.90897200000000e-09 1.05640614416378e-10 -7.30924837583972e-05 -1.04823597004701e-02 1.00057769539448e-31 -6.97795664135067e-26 6.92963843941529e-24 1.00032191846920e+00 0.00000000000000e+00 0.00000000000000e+00 0.00000000000000e+00 0.00000000000000e+00 0.00000000000000e+00 0.00000000000000e+00 0.00000000000000e+00 0.00000000000000e+00 0.00000000000000e+00 0.00000000000000e+00 -nan -nan -nan -nan -1.60217663400000e-19
53 1.94568300000000e-09 1.09706736795879e-10 -7.59307394494263e-05 -1.02031840198306e-02 1.01862259252211e-31 -7.11214342764999e-26 6.92962479658440e-24 1.00032191846914e+00 0.00000000000000e+00 0.00000000000000e+00 0.00000000000000e+00 0.00000000000000e+00 0.00000000000000e+00 0.00000000000000e+00 0.00000000000000e+00 0.00000000000000e+00 0.00000000000000e+00 0.00000000000000e+00 -nan -nan -nan -nan -1.60217663400000e-19
54 1.98239400000000e-09 1.13848111435367e-10 -7.88230552315478e-05 -9.92400889408092e-03 1.03796147788529e-31 -7.24632995803842e-26 6.92961089484155e-24 1.00032191846917e+00 0.00000000000000e+00 0.00000000000000e+00 0.00000000000000e+00 0.00000000000000e+00 0.00000000000000e+00 0.00000000000000e+00 0.00000000000000e+00 0.00000000000000e+00 0.00000000000000e+00 0.00000000000000e+00 -nan -nan -nan -nan -1.60217663400000e-19
55 2.01910500000000e-09 1.18070055848596e-10 -8.17694310007229e-05 -9.64483433356698e-03 1.05677245330708e-31 -7.38051621119280e-26 6.92959673418767e-24 1.00032191846928e+00 0.00000000000000e+00 0.00000000000000e+00 0.00000000000000e+00 0.00000000000000e+00 0.00000000000000e+00 0.00000000000000e+00 0.00000000000000e+00 0.00000000000000e+00 0.00000000000000e+00 0.00000000000000e+00 -nan -nan -nan -nan -1.60217663400000e-19
56 2.05581600000000e-09 1.22362998915715e-10 -8.47698666376018e-05 -9.36566034880442e-03 1.07435800411173e-31 -7.51470217584302e-26 6.92958231251997e-24 1.00032191846928e+00 0.00000000000000e+00 0.00000000000000e+00 0.00000000000000e+00 0.00000000000000e+00 0.00000000000000e+00 0.00000000000000e+00 0.00000000000000e+00 0.00000000000000e+00 0.00000000000000e+00 0.00000000000000e+00 -nan -nan -nan -nan -1.60217663400000e-19
57 2.09252700000000e-09 1.26726637963311e-10 -8.78243620290743e-05 -9.08648695030863e-03 1.09301150531239e-31 -7.64888786725800e-26 6.92956762984334e-24 1.00032191846918e+00 0.00000000000000e+00 0.00000000000000e+00 0.00000000000000e+00 0.00000000000000e+00 0.00000000000000e+00 0.00000000000000e+00 0.00000000000000e+00 0.00000000000000e+00 0.00000000000000e+00 0.00000000000000e+00 -nan -nan -nan -nan -1.60217663400000e-19
58 2.12923800000000e-09 1.31169880617955e-10 -9.09329170680935e-05 -8.80731414859481e-03 1.11219158741290e-31 -7.78307327558829e-26 6.92955268825086e-24 1.00032191846916e+00 0.00000000000000e+00 0.00000000000000e+00 0.00000000000000e+00 0.00000000000000e+00 0.00000000000000e+00 0.00000000000000e+00 0.00000000000000e+00 0.00000000000000e+00 0.00000000000000e+00 0.00000000000000e+00 -nan -nan -nan -nan -1.60217663400000e-19
59 2.16594900000000e-09 1.35688062150491e-10 -9.40955316336200e-05 -8.52814195400983e-03 1.13009119785416e-31 -7.91725837996109e-26 6.92953748774356e-24 1.00032191846922e+00 0.00000000000000e+00 0.00000000000000e+00 0.00000000000000e+00 0.00000000000000e+00 0.00000000000000e+00 0.00000000000000e+00 0.00000000000000e+00 0.00000000000000e+00 0.00000000000000e+00 0.00000000000000e+00 -nan -nan -nan -nan -1.60217663400000e-19
60 2.20266000000000e-09 1.40275529958214e-10 -9.73122056017722e-05 -8.24897037706878e-03 1.14772628477680e-31 -8.05144318422124e-26 6.92952202623444e-24 1.00032191846918e+00 0.00000000000000e+00 0.00000000000000e+00 0.00000000000000e+00 0.00000000000000e+00 0.00000000000000e+00 0.00000000000000e+00 0.00000000000000e+00 0.00000000000000e+00 0.00000000000000e+00 0.00000000000000e+00 -nan -nan -nan -nan -1.60217663400000e-19
61 2.23937100000000e-09 1.44935805259738e-10 -1.00582938854618e-04 -7.96979942828658e-03 1.16692731008124e-31 -8.18562769913247e-26 6.92950630580450e-24 1.00032191846922e+00 0.00000000000000e+00 0.00000000000000e+00 0.00000000000000e+00 0.00000000000000e+00 0.00000000000000e+00 0.00000000000000e+00 0.00000000000000e+00 0.00000000000000e+00 0.00000000000000e+00 0.00000000000000e+00 -nan -nan -nan -nan -1.60217663400000e-19
62 2.27608200000000e-09 1.49677984301145e-10 -1.03907731276956e-04 -7.69062911801078e-03 1.18589968821253e-31 -8.31981190421013e-26 6.92949032645477e-24 1.00032191846935e+00 0.00000000000000e+00 0.00000000000000e+00 0.00000000000000e+00 0.00000000000000e+00 0.00000000000000e+00 0.00000000000000e+00 0.00000000000000e+00 0.00000000000000e+00 0.00000000000000e+00 0.00000000000000e+00 -nan -nan -nan -nan -1.60217663400000e-19
63 2.31279300000000e-09 1.54491128523993e-10 -1.07286582734333e-04 -7.41145945675620e-03 1.20329089410396e-31 -8.45399578278984e-26 6.92947408611051e-24 1.00032191846937e+00 0.00000000000000e+00 0.00000000000000e+00 0.00000000000000e+00 0.00000000000000e+00 0.00000000000000e+00 0.00000000000000e+00 0.00000000000000e+00 0.00000000000000e+00 0.00000000000000e+00 0.00000000000000e+00 -nan -nan -nan -nan -1.60217663400000e-19
64 2.34950400000000e-09 1.59373436276031e-10 -1.10719493098128e-04 -7.13229045503746e-03 1.22136118669920e-31 -8.58817934910528e-26 6.92945758477700e-24 1.00032191846929e+00 0.00000000000000e+00 0.00000000000000e+00 0.00000000000000e+00 0.00000000000000e+00 0.00000000000000e+00 0.00000000000000e+00 0.00000000000000e+00 0.00000000000000e+00 0.00000000000000e+00 0.00000000000000e+00 -nan -nan -nan -nan -1.60217663400000e-19
65 2.38621500000000e-09 1.64332180914280e-10 -1.14206462245358e-04 -6.85312212336894e-03 1.24023918095090e-31 -8.72236259915550e-26 6.92944082451866e-24 1.00032191846929e+00 0.00000000000000e+00 0.00000000000000e+00 0.00000000000000e+00 0.00000000000000e+00 0.00000000000000e+00 0.00000000000000e+00 0.00000000000000e+00 0.00000000000000e+00 0.00000000000000e+00 0.00000000000000e+00 -nan -nan -nan -nan -1.60217663400000e-19
66 2.42292600000000e-09 1.69366597094585e-10 -1.17747490044184e-04 -6.57395447209903e-03 1.25814612355227e-31 -8.85654551296358e-26 6.92942380533661e-24 1.00032191846937e+00 0.00000000000000e+00 0.00000000000000e+00 0.00000000000000e+00 0.00000000000000e+00 0.00000000000000e+00 0.00000000000000e+00 0.00000000000000e+00 0.00000000000000e+00 0.00000000000000e+00 0.00000000000000e+00 -nan -nan -nan -nan -1.60217663400000e-19
67 2.45963700000000e-09 1.74469625964401e-10 -1.21342576355510e-04 -6.29478751174203e-03 1.27542245523609e-31 -8.99072808834426e-26 6.92940652517292e-24 1.00032191846935e+00 0.00000000000000e+00 0.00000000000000e+00 0.00000000000000e+00 0.00000000000000e+00 0.00000000000000e+00 0.00000000000000e+00 0.00000000000000e+00 0.00000000000000e+00 0.00000000000000e+00 0.00000000000000e+00 -nan -nan -nan -nan -1.60217663400000e-19
68 2.49634800000000e-09 1.79643245262559e-10 -1.24991721045749e-04 -6.01562125281205e-03 1.29430331161231e-31 -9.12491033870750e-26 6.92938898403302e-24 1.00032191846922e+00 0.00000000000000e+00 0.00000000000000e+00 0.00000000000000e+00 0.00000000000000e+00 0.00000000000000e+00 0.00000000000000e+00 0.00000000000000e+00 0.00000000000000e+00 0.00000000000000e+00 0.00000000000000e+00 -nan -nan -nan -nan -1.60217663400000e-19
69 2.53305900000000e-09 1.84898405622058e-10 -1.28694923986607e-04 -5.73645570582293e-03 1.31324655922226e-31 -9.25909224629550e-26 6.92937118396429e-24 1.00032191846917e+00 0.00000000000000e+00 0.00000000000000e+00 0.00000000000000e+00 0.00000000000000e+00 0.00000000000000e+00 0.00000000000000e+00 0.00000000000000e+00 0.00000000000000e+00 0.00000000000000e+00 0.00000000000000e+00 -nan -nan -nan -nan -1.60217663400000e-19
70 2.56977000000000e-09 1.90224659123924e-10 -1.32452185030195e-04 -5.45729088112392e-03 1.33048967867075e-31 -9.39327379167015e-26 6.92935312496795e-24 1.00032191846921e+00 0.00000000000000e+00 0.00000000000000e+00 0.00000000000000e+00 0.00000000000000e+00 0.00000000000000e+00 0.00000000000000e+00 0.00000000000000e+00 0.00000000000000e+00 0.00000000000000e+00 0.00000000000000e+00 -nan -nan -nan -nan -1.60217663400000e-19
71 2.60648100000000e-09 1.95618754995467e-10 -1.36263504032542e-04 -5.17812678922878e-03 1.34803461208843e-31 -9.52745498608829e-26 6.92933480500327e-24 1.00032191846914e+00 0.00000000000000e+00 0.00000000000000e+00 0.00000000000000e+00 0.00000000000000e+00 0.00000000000000e+00 0.00000000000000e+00 0.00000000000000e+00 0.00000000000000e+00 0.00000000000000e+00 0.00000000000000e+00 -nan -nan -nan -nan -1.60217663400000e-19
72 2.64319200000000e-09 2.01086375859280e-10 -1.40128880854839e-04 -4.89896344065108e-03 1.36665912780523e-31 -9.66163583070023e-26 6.92931622610465e-24 1.00032191846916e+00 0.00000000000000e+00 0.00000000000000e+00 0.00000000000000e+00 0.00000000000000e+00 0.00000000000000e+00 0.00000000000000e+00 0.00000000000000e+00 0.00000000000000e+00 0.00000000000000e+00 0.00000000000000e+00 -nan -nan -nan -nan -1.60217663400000e-19
73 2.67990300000000e-09 2.06630537769361e-10 -1.44048315354049e-04 -4.61980084574076e-03 1.38461410350945e-31 -9.79581630652840e-26 6.92929738827328e-24 1.00032191846926e+00 0.00000000000000e+00 0.00000000000000e+00 0.00000000000000e+00 0.00000000000000e+00 0.00000000000000e+00 0.00000000000000e+00 0.00000000000000e+00 0.00000000000000e+00 0.00000000000000e+00 0.00000000000000e+00 -nan -nan -nan -nan -1.60217663400000e-19
74 2.71661400000000e-09 2.12242829888897e-10 -1.48021807376054e-04 -4.34063901501128e-03 1.40158515051695e-31 -9.92999640604097e-26 6.92927828948160e-24 1.00032191846925e+00 0.00000000000000e+00 0.00000000000000e+00 0.00000000000000e+00 0.00000000000000e+00 0.00000000000000e+00 0.00000000000000e+00 0.00000000000000e+00 0.00000000000000e+00 0.00000000000000e+00 0.00000000000000e+00 -nan -nan -nan -nan -1.60217663400000e-19
75 2.75332500000000e-09 2.17923735101891e-10 -1.52049356771757e-04 -4.06147795897586e-03 1.41977172746313e-31 -1.00641761414099e-25 6.92925892973522e-24 1.00032191846914e+00 0.00000000000000e+00 0.00000000000000e+00 0.00000000000000e+00 0.00000000000000e+00 0.00000000000000e+00 0.00000000000000e+00 0.00000000000000e+00 0.00000000000000e+00 0.00000000000000e+00 0.00000000000000e+00 -nan -nan -nan -nan -1.60217663400000e-19
76 2.79003600000000e-09 2.23682564591762e-10 -1.56130963396851e-04 -3.78231768814752e-03 1.43830292718545e-31 -1.01983555007874e-25 6.92923931105100e-24 1.00032191846911e+00 0.00000000000000e+00 0.00000000000000e+00 0.00000000000000e+00 0.00000000000000e+00 0.00000000000000e+00 0.00000000000000e+00 0.00000000000000e+00 0.00000000000000e+00 0.00000000000000e+00 0.00000000000000e+00 -nan -nan -nan -nan -1.60217663400000e-19
77 2.82674700000000e-09 2.29512783954664e-10 -1.60266627092697e-04 -3.50315821287706e-03 1.45544633219365e-31 -1.03325344657922e-25 6.92921943343021e-24 1.00032191846917e+00 0.00000000000000e+00 0.00000000000000e+00 0.00000000000000e+00 0.00000000000000e+00 0.00000000000000e+00 0.00000000000000e+00 0.00000000000000e+00 0.00000000000000e+00 0.00000000000000e+00 0.00000000000000e+00 -nan -nan -nan -nan -1.60217663400000e-19
78 2.86345800000000e-09 2.35409745512813e-10 -1.64456347700160e-04 -3.22399954367739e-03 1.47252678878459e-31 -1.04667130415474e-25 6.92919929486293e-24 1.00032191846912e+00 0.00000000000000e+00 0.00000000000000e+00 0.00000000000000e+00 0.00000000000000e+00 0.00000000000000e+00 0.00000000000000e+00 0.00000000000000e+00 0.00000000000000e+00 0.00000000000000e+00 0.00000000000000e+00 -nan -nan -nan -nan -1.60217663400000e-19
79 2.90016900000000e-09 2.41377589740491e-10 -1.68700125064742e-04 -2.94484169106118e-03 1.49094940865881e-31 -1.06008912335430e-25 6.92917889735276e-24 1.00032191846915e+00 0.00000000000000e+00 0.00000000000000e+00 0.00000000000000e+00 0.00000000000000e+00 0.00000000000000e+00 0.00000000000000e+00 0.00000000000000e+00 0.00000000000000e+00 0.00000000000000e+00 0.00000000000000e+00 -nan -nan -nan -nan -1.60217663400000e-19
80 2.93688000000000e-09 2.47422990572233e-10 -1.72997959031736e-04 -2.66568466537999e-03 1.50899539950052e-31 -1.07350690239041e-25 6.92915824090097e-24 1.00032191846926e+00 0.00000000000000e+00 0.00000000000000e+00 0.00000000000000e+00 0.00000000000000e+00 0.00000000000000e+00 0.00000000000000e+00 0.00000000000000e+00 0.00000000000000e+00 0.00000000000000e+00 0.00000000000000e+00 -nan -nan -nan -nan -1.60217663400000e-19
81 2.97359100000000e-09 2.53536239405232e-10 -1.77349849432225e-04 -2.38652847714638e-03 1.52571724449082e-31 -1.08692464005505e-25 6.92913732351099e-24 1.00032191846927e+00 0.00000000000000e+00 0.00000000000000e+00 0.00000000000000e+00 0.00000000000000e+00 0.00000000000000e+00 0.00000000000000e+00 0.00000000000000e+00 0.00000000000000e+00 0.00000000000000e+00 0.00000000000000e+00 -nan -nan -nan -nan -1.60217663400000e-19
82 3.01030200000000e-09 2.59716375607971e-10 -1.81755796101778e-04 -2.10737313687269e-03 1.54327818467461e-31 -1.10034233742990e-25 6.92911614518853e-24 1.00032191846918e+00 0.00000000000000e+00 0.00000000000000e+00 0.00000000000000e+00 0.00000000000000e+00 0.00000000000000e+00 0.00000000000000e+00 0.00000000000000e+00 0.00000000000000e+00 0.00000000000000e+00 0.00000000000000e+00 -nan -nan -nan -nan -1.60217663400000e-19
83 3.04701300000000e-09 2.65971120776579e-10 -1.86215798880194e-04 -1.82821865507102e-03 1.56145701894667e-31 -1.11375999384531e-25 6.92909470791954e-24 1.00032191846917e+00 0.00000000000000e+00 0.00000000000000e+00 0.00000000000000e+00 0.00000000000000e+00 0.00000000000000e+00 0.00000000000000e+00 0.00000000000000e+00 0.00000000000000e+00 0.00000000000000e+00 0.00000000000000e+00 -nan -nan -nan -nan -1.60217663400000e-19
84 3.08372400000000e-09 2.72297731963471e-10 -1.90729857597653e-04 -1.54906504209379e-03 1.57855175015383e-31 -1.12717760757917e-25 6.92907301170534e-24 1.00032191846924e+00 0.00000000000000e+00 0.00000000000000e+00 0.00000000000000e+00 0.00000000000000e+00 0.00000000000000e+00 0.00000000000000e+00 0.00000000000000e+00 0.00000000000000e+00 0.00000000000000e+00 0.00000000000000e+00 -nan -nan -nan -nan -1.60217663400000e-19
85 3.12043500000000e-09 2.78690217013809e-10 -1.95297972080062e-04 -1.26991230845299e-03 1.59523170094038e-31 -1.14059517860496e-25 6.92905105456706e-24 1.00032191846921e+00 0.00000000000000e+00 0.00000000000000e+00 0.00000000000000e+00 0.00000000000000e+00 0.00000000000000e+00 0.00000000000000e+00 0.00000000000000e+00 0.00000000000000e+00 0.00000000000000e+00 0.00000000000000e+00 -nan -nan -nan -nan -1.60217663400000e-19
86 3.15714600000000e-09 2.85151226011394e-10 -1.99920142157397e-04 -9.90760464660400e-04 1.61350752678506e-31 -1.15401270781297e-25 6.92902883847746e-24 1.00032191846926e+00 0.00000000000000e+00 0.00000000000000e+00 0.00000000000000e+00 0.00000000000000e+00 0.00000000000000e+00 0.00000000000000e+00 0.00000000000000e+00 0.00000000000000e+00 0.00000000000000e+00 0.00000000000000e+00 -nan -nan -nan -nan -1.60217663400000e-19
87 3.19385700000000e-09 2.91690967550289e-10 -2.04596367662745e-04 -7.11609521069154e-04 1.63169076617426e-31 -1.16743019353636e-25 6.92900636343786e-24 1.00032191846939e+00 0.00000000000000e+00 0.00000000000000e+00 0.00000000000000e+00 0.00000000000000e+00 0.00000000000000e+00 0.00000000000000e+00 0.00000000000000e+00 0.00000000000000e+00 0.00000000000000e+00 0.00000000000000e+00 -nan -nan -nan -nan -1.60217663400000e-19
88 3.23056800000000e-09 2.98298487026020e-10 -2.09326648412636e-04 -4.32459488190912e-04 1.64822250968642e-31 -1.18084763420352e-25 6.92898362748262e-24 1.00032191846942e+00 0.00000000000000e+00 0.00000000000000e+00 0.00000000000000e+00 0.00000000000000e+00 0.00000000000000e+00 0.00000000000000e+00 0.00000000000000e+00 0.00000000000000e+00 0.00000000000000e+00 0.00000000000000e+00 -nan -nan -nan -nan -1.60217663400000e-19
89 3.26727900000000e-09 3.04971432203426e-10 -2.14110984227502e-04 -1.53310376537097e-04 1.66523000749597e-31 -1.19426503074893e-25 6.92896063061744e-24 1.00032191846935e+00 0.00000000000000e+00 0.00000000000000e+00 0.00000000000000e+00 0.00000000000000e+00 0.00000000000000e+00 0.00000000000000e+00 0.00000000000000e+00 0.00000000000000e+00 0.00000000000000e+00 0.00000000000000e+00 -nan -nan -nan -nan -1.60217663400000e-19
90 3.30399000000000e-09 3.11715988682458e-10 -2.18949374931402e-04 1.25837803381092e-04 1.68312004263911e-31 -1.20768238293071e-25 6.92893737479771e-24 1.00032191846935e+00 0.00000000000000e+00 0.00000000000000e+00 0.00000000000000e+00 0.00000000000000e+00 0.00000000000000e+00 0.00000000000000e+00 0.00000000000000e+00 0.00000000000000e+00 0.00000000000000e+00 0.00000000000000e+00 -nan -nan -nan -nan -1.60217663400000e-19
91 3.34070100000000e-09 3.18533081860493e-10 -2.23841820342828e-04 4.04985041209684e-04 1.70022062195553e-31 -1.22109968915310e-25 6.92891386002482e-24 1.00032191846944e+00 0.00000000000000e+00 0.00000000000000e+00 0.00000000000000e+00 0.00000000000000e+00 0.00000000000000e+00 0.00000000000000e+00 0.00000000000000e+00 0.00000000000000e+00 0.00000000000000e+00 0.00000000000000e+00 -nan -nan -nan -nan -1.60217663400000e-19
92 3.37741200000000e-09 3.25415425342082e-10 -2.28788320272964e-04 6.84131326437594e-04 1.71656737532025e-31 -1.23451694893676e-25 6.92889008435042e-24 1.00032191846942e+00 0.00000000000000e+00 0.00000000000000e+00 0.00000000000000e+00 0.00000000000000e+00 0.00000000000000e+00 0.00000000000000e+00 0.00000000000000e+00 0.00000000000000e+00 0.00000000000000e+00 0.00000000000000e+00 -nan -nan -nan -nan -1.60217663400000e-19
93 3.41412300000000e-09 3.32364231610417e-10 -2.33788874536449e-04 9.63276648553964e-04 1.73426207051466e-31 -1.24793416310207e-25 6.92886604778014e-24 1.00032191846931e+00 0.00000000000000e+00 0.00000000000000e+00 0.00000000000000e+00 0.00000000000000e+00 0.00000000000000e+00 0.00000000000000e+00 0.00000000000000e+00 0.00000000000000e+00 0.00000000000000e+00 0.00000000000000e+00 -nan -nan -nan -nan -1.60217663400000e-19
94 3.45083400000000e-09 3.39389149151455e-10 -2.38843482951079e-04 1.24242099704816e-03 1.75213956687751e-31 -1.26135133041460e-25 6.92884175225238e-24 1.00032191846927e+00 0.00000000000000e+00 0.00000000000000e+00 0.00000000000000e+00 0.00000000000000e+00 0.00000000000000e+00 0.00000000000000e+00 0.00000000000000e+00 0.00000000000000e+00 0.00000000000000e+00 0.00000000000000e+00 -nan -nan -nan -nan -1.60217663400000e-19
95 3.48754500000000e-09 3.46482002389868e-10 -2.43952145321549e-04 1.52156436156542e-03 1.76854397470006e-31 -1.27476844935280e-25 6.92881719776856e-24 1.00032191846932e+00 0.00000000000000e+00 0.00000000000000e+00 0.00000000000000e+00 0.00000000000000e+00 0.00000000000000e+00 0.00000000000000e+00 0.00000000000000e+00 0.00000000000000e+00 0.00000000000000e+00 0.00000000000000e+00 -nan -nan -nan -nan -1.60217663400000e-19
96 3.52425600000000e-09 3.53639097568914e-10 -2.49114861453383e-04 1.80070673159521e-03 1.78507386010449e-31 -1.28818552038704e-25 6.92879238239722e-24 1.00032191846926e+00 0.00000000000000e+00 0.00000000000000e+00 0.00000000000000e+00 0.00000000000000e+00 0.00000000000000e+00 0.00000000000000e+00 0.00000000000000e+00 0.00000000000000e+00 0.00000000000000e+00 0.00000000000000e+00 -nan -nan -nan -nan -1.60217663400000e-19
97 3.56096700000000e-09 3.60865139474236e-10 -2.54331631155075e-04 2.07984809662724e-03 1.80274317258791e-31 -1.30160254360430e-25 6.92876730806440e-24 1.00032191846928e+00 0.00000000000000e+00 0.00000000000000e+00 0.00000000000000e+00 0.00000000000000e+00 0.00000000000000e+00 0.00000000000000e+00 0.00000000000000e+00 0.00000000000000e+00 0.00000000000000e+00 0.00000000000000e+00 -nan -nan -nan -nan -1.60217663400000e-19
98 3.59767800000000e-09 3.68164604192893e-10 -2.59602454232853e-04 2.35898844630608e-03 1.81990870644160e-31 -1.31501951754554e-25 6.92874197477152e-24 1.00032191846939e+00 0.00000000000000e+00 0.00000000000000e+00 0.00000000000000e+00 0.00000000000000e+00 0.00000000000000e+00 0.00000000000000e+00 0.00000000000000e+00 0.00000000000000e+00 0.00000000000000e+00 0.00000000000000e+00 -nan -nan -nan -nan -1.60217663400000e-19
99 3.63438900000000e-09 3.75528956468481e-10 -2.64927330483443e-04 2.63812777012155e-03 1.83599338261159e-31 -1.32843644137614e-25 6.92871638059946e-24 1.00032191846939e+00 0.00000000000000e+00 0.00000000000000e+00 0.00000000000000e+00 0.00000000000000e+00 0.00000000000000e+00 0.00000000000000e+00 0.00000000000000e+00 0.00000000000000e+00 0.00000000000000e+00 0.00000000000000e+00 -nan -nan -nan -nan -1.60217663400000e-19
100 3.67110000000000e-09 3.82958022604469e-10 -2.70306259706357e-04 2.91726605756369e-03 1.85306538234090e-31 -1.34185331574901e-25 6.92869052555360e-24 1.00032191846929e+00 0.00000000000000e+00 0.00000000000000e+00 0.00000000000000e+00 0.00000000000000e+00 0.00000000000000e+00 0.00000000000000e+00 0.00000000000000e+00 0.00000000000000e+00 0.00000000000000e+00 0.00000000000000e+00 -nan -nan -nan -nan -1.60217663400000e-19
101 3.70781100000000e-09 3.90459931604124e-10 -2.75739241703581e-04 3.19640329812274e-03 1.87058766766208e-31 -1.35527013986005e-25 6.92866441154405e-24 1.00032191846927e+00 0.00000000000000e+00 0.00000000000000e+00 0.00000000000000e+00 0.00000000000000e+00 0.00000000000000e+00 0.00000000000000e+00 0.00000000000000e+00 0.00000000000000e+00 0.00000000000000e+00 0.00000000000000e+00 -nan -nan -nan -nan -1.60217663400000e-19
102 3.74452200000000e-09 3.98030182616233e-10 -2.81226276268153e-04 3.47553948144255e-03 1.88693209329371e-31 -1.36868691233018e-25 6.92863803857224e-24 1.00032191846933e+00 0.00000000000000e+00 0.00000000000000e+00 0.00000000000000e+00 0.00000000000000e+00 0.00000000000000e+00 0.00000000000000e+00 0.00000000000000e+00 0.00000000000000e+00 0.00000000000000e+00 0.00000000000000e+00 -nan -nan -nan -nan -1.60217663400000e-19
103 3.78123300000000e-09 4.05663785950603e-10 -2.86767363190932e-04 3.75467459701349e-03 1.90306412577334e-31 -1.38210363317020e-25 6.92861140473479e-24 1.00032191846929e+00 0.00000000000000e+00 0.00000000000000e+00 0.00000000000000e+00 0.00000000000000e+00 0.00000000000000e+00 0.00000000000000e+00 0.00000000000000e+00 0.00000000000000e+00 0.00000000000000e+00 0.00000000000000e+00 -nan -nan -nan -nan -1.60217663400000e-19
104 3.81794400000000e-09 4.13364019950974e-10 -2.92362502265054e-04 4.03380863432614e-03 1.92058619586316e-31 -1.39552030268547e-25 6.92858451193043e-24 1.00032191846933e+00 0.00000000000000e+00 0.00000000000000e+00 0.00000000000000e+00 0.00000000000000e+00 0.00000000000000e+00 0.00000000000000e+00 0.00000000000000e+00 0.00000000000000e+00 0.00000000000000e+00 0.00000000000000e+00 -nan -nan -nan -nan -1.60217663400000e-19
105 3.85465500000000e-09 4.21138806427249e-10 -2.98011693283844e-04 4.31294158302375e-03 1.93788180315774e-31 -1.40893691956405e-25 6.92855736016060e-24 1.00032191846945e+00 0.00000000000000e+00 0.00000000000000e+00 0.00000000000000e+00 0.00000000000000e+00 0.00000000000000e+00 0.00000000000000e+00 0.00000000000000e+00 0.00000000000000e+00 0.00000000000000e+00 0.00000000000000e+00 -nan -nan -nan -nan -1.60217663400000e-19
106 3.89136600000000e-09 4.28978398857673e-10 -3.03714936029850e-04 4.59207343259702e-03 1.95378006828348e-31 -1.42235348272513e-25 6.92852994753318e-24 1.00032191846946e+00 0.00000000000000e+00 0.00000000000000e+00 0.00000000000000e+00 0.00000000000000e+00 0.00000000000000e+00 0.00000000000000e+00 0.00000000000000e+00 0.00000000000000e+00 0.00000000000000e+00 0.00000000000000e+00 -nan -nan -nan -nan -1.60217663400000e-19
107 3.92807700000000e-09 4.36881284754267e-10 -3.09472230287700e-04 4.87120417253686e-03 1.97031824933937e-31 -1.43576999264249e-25 6.92850227405321e-24 1.00032191846939e+00 0.00000000000000e+00 0.00000000000000e+00 0.00000000000000e+00 0.00000000000000e+00 0.00000000000000e+00 0.00000000000000e+00 0.00000000000000e+00 0.00000000000000e+00 0.00000000000000e+00 0.00000000000000e+00 -nan -nan -nan -nan -1.60217663400000e-19
108 3.96478800000000e-09 4.44854132693369e-10 -3.15283575843759e-04 5.15033379233435e-03 1.98756764480396e-31 -1.44918644883710e-25 6.92847434160503e-24 1.00032191846938e+00 0.00000000000000e+00 0.00000000000000e+00 0.00000000000000e+00 0.00000000000000e+00 0.00000000000000e+00 0.00000000000000e+00 0.00000000000000e+00 0.00000000000000e+00 0.00000000000000e+00 0.00000000000000e+00 -nan -nan -nan -nan -1.60217663400000e-19
109 4.00149900000000e-09 4.52896004670671e-10 -3.21148972478799e-04 5.42946228163213e-03 2.00392526135276e-31 -1.46260285008269e-25 6.92844615019010e-24 1.00032191846946e+00 0.00000000000000e+00 0.00000000000000e+00 0.00000000000000e+00 0.00000000000000e+00 0.00000000000000e+00 0.00000000000000e+00 0.00000000000000e+00 0.00000000000000e+00 0.00000000000000e+00 0.00000000000000e+00 -nan -nan -nan -nan -1.60217663400000e-19
110 4.03821000000000e-09 4.61000653229596e-10 -3.27068419969292e-04 5.70858962992142e-03 2.01974366790693e-31 -1.47601919603441e-25 6.92841769793038e-24 1.00032191846943e+00 0.00000000000000e+00 0.00000000000000e+00 0.00000000000000e+00 0.00000000000000e+00 0.00000000000000e+00 0.00000000000000e+00 0.00000000000000e+00 0.00000000000000e+00 0.00000000000000e+00 0.00000000000000e+00 -nan -nan -nan -nan -1.60217663400000e-19
111 4.07492100000000e-09 4.69169981171052e-10 -3.33041918093240e-04 5.98771582669363e-03 2.03703993161132e-31 -1.48943548702881e-25 6.92838898483056e-24 1.00032191846932e+00 0.00000000000000e+00 0.00000000000000e+00 0.00000000000000e+00 0.00000000000000e+00 0.00000000000000e+00 0.00000000000000e+00 0.00000000000000e+00 0.00000000000000e+00 0.00000000000000e+00 0.00000000000000e+00 -nan -nan -nan -nan -1.60217663400000e-19
112 4.11163200000000e-09 4.77413993449021e-10 -3.39069466629826e-04 6.26684086144034e-03 2.05437988775886e-31 -1.50285172197107e-25 6.92836001276181e-24 1.00032191846927e+00 0.00000000000000e+00 0.00000000000000e+00 0.00000000000000e+00 0.00000000000000e+00 0.00000000000000e+00 0.00000000000000e+00 0.00000000000000e+00 0.00000000000000e+00 0.00000000000000e+00 0.00000000000000e+00 -nan -nan -nan -nan -1.60217663400000e-19
113 4.14834300000000e-09 4.85723037159041e-10 -3.45151065348236e-04 6.54596472380365e-03 2.07017298212848e-31 -1.51626789972372e-25 6.92833078172557e-24 1.00032191846931e+00 0.00000000000000e+00 0.00000000000000e+00 0.00000000000000e+00 0.00000000000000e+00 0.00000000000000e+00 0.00000000000000e+00 0.00000000000000e+00 0.00000000000000e+00 0.00000000000000e+00 0.00000000000000e+00 -nan -nan -nan -nan -1.60217663400000e-19
114 4.18505400000000e-09 4.94094301449590e-10 -3.51286714018474e-04 6.82508740327526e-03 2.08627058203571e-31 -1.52968402050635e-25 6.92830128985662e-24 1.00032191846924e+00 0.00000000000000e+00 0.00000000000000e+00 0.00000000000000e+00 0.00000000000000e+00 0.00000000000000e+00 0.00000000000000e+00 0.00000000000000e+00 0.00000000000000e+00 0.00000000000000e+00 0.00000000000000e+00 -nan -nan -nan -nan -1.60217663400000e-19
115 4.22176500000000e-09 5.02533050709264e-10 -3.57476412411504e-04 7.10420888934706e-03 2.10333577101884e-31 -1.54310008404816e-25 6.92827153901715e-24 1.00032191846926e+00 0.00000000000000e+00 0.00000000000000e+00 0.00000000000000e+00 0.00000000000000e+00 0.00000000000000e+00 0.00000000000000e+00 0.00000000000000e+00 0.00000000000000e+00 0.00000000000000e+00 0.00000000000000e+00 -nan -nan -nan -nan -1.60217663400000e-19
116 4.25847600000000e-09 5.11041816846655e-10 -3.63720160295154e-04 7.38332917166071e-03 2.11978714764363e-31 -1.55651608928603e-25 6.92824152920863e-24 1.00032191846935e+00 0.00000000000000e+00 0.00000000000000e+00 0.00000000000000e+00 0.00000000000000e+00 0.00000000000000e+00 0.00000000000000e+00 0.00000000000000e+00 0.00000000000000e+00 0.00000000000000e+00 0.00000000000000e+00 -nan -nan -nan -nan -1.60217663400000e-19
117 4.29518700000000e-09 5.19613122192946e-10 -3.70017957431806e-04 7.66244823970821e-03 2.13538143956262e-31 -1.56993203563501e-25 6.92821125857460e-24 1.00032191846934e+00 0.00000000000000e+00 0.00000000000000e+00 0.00000000000000e+00 0.00000000000000e+00 0.00000000000000e+00 0.00000000000000e+00 0.00000000000000e+00 0.00000000000000e+00 0.00000000000000e+00 0.00000000000000e+00 -nan -nan -nan -nan -1.60217663400000e-19
118 4.33189800000000e-09 5.28247538502814e-10 -3.76369803584586e-04 7.94156608298174e-03 2.15211183458472e-31 -1.58334792323226e-25 6.92818072711913e-24 1.00032191846924e+00 0.00000000000000e+00 0.00000000000000e+00 0.00000000000000e+00 0.00000000000000e+00 0.00000000000000e+00 0.00000000000000e+00 0.00000000000000e+00 0.00000000000000e+00 0.00000000000000e+00 0.00000000000000e+00 -nan -nan -nan -nan -1.60217663400000e-19
119 4.36860900000000e-09 5.36953648111528e-10 -3.82775698516981e-04 8.22068269097363e-03 2.16915076780999e-31 -1.59676375131278e-25 6.92814993669370e-24 1.00032191846921e+00 0.00000000000000e+00 0.00000000000000e+00 0.00000000000000e+00 0.00000000000000e+00 0.00000000000000e+00 0.00000000000000e+00 0.00000000000000e+00 0.00000000000000e+00 0.00000000000000e+00 0.00000000000000e+00 -nan -nan -nan -nan -1.60217663400000e-19
120 4.40532000000000e-09 5.45725354713875e-10 -3.89235641985955e-04 8.49979805332514e-03 2.18492686343677e-31 -1.61017951890801e-25 6.92811888729972e-24 1.00032191846926e+00 0.00000000000000e+00 0.00000000000000e+00 0.00000000000000e+00 0.00000000000000e+00 0.00000000000000e+00 0.00000000000000e+00 0.00000000000000e+00 0.00000000000000e+00 0.00000000000000e+00 0.00000000000000e+00 -nan -nan -nan -nan -1.60217663400000e-19
121 4.44203100000000e-09 5.54558579368708e-10 -3.95749633747181e-04 8.77891215952871e-03 2.20068207789172e-31 -1.62359522587302e-25 6.92808757709101e-24 1.00032191846921e+00 0.00000000000000e+00 0.00000000000000e+00 0.00000000000000e+00 0.00000000000000e+00 0.00000000000000e+00 0.00000000000000e+00 0.00000000000000e+00 0.00000000000000e+00 0.00000000000000e+00 0.00000000000000e+00 -nan -nan -nan -nan -1.60217663400000e-19
122 4.47874200000000e-09 5.63457232768253e-10 -4.02317673556462e-04 9.05802499907694e-03 2.21765941575799e-31 -1.63701087201664e-25 6.92805600791215e-24 1.00032191846924e+00 0.00000000000000e+00 0.00000000000000e+00 0.00000000000000e+00 0.00000000000000e+00 0.00000000000000e+00 0.00000000000000e+00 0.00000000000000e+00 0.00000000000000e+00 0.00000000000000e+00 0.00000000000000e+00 -nan -nan -nan -nan -1.60217663400000e-19
123 4.51545300000000e-09 5.72427251414257e-10 -4.08939761167935e-04 9.33713656161082e-03 2.23429447442494e-31 -1.65042645644932e-25 6.92802417976458e-24 1.00032191846935e+00 0.00000000000000e+00 0.00000000000000e+00 0.00000000000000e+00 0.00000000000000e+00 0.00000000000000e+00 0.00000000000000e+00 0.00000000000000e+00 0.00000000000000e+00 0.00000000000000e+00 0.00000000000000e+00 -nan -nan -nan -nan -1.60217663400000e-19
124 4.55216400000000e-09 5.81459940908641e-10 -4.15615896330223e-04 9.61624683662305e-03 2.24976057818086e-31 -1.66384197847318e-25 6.92799209080871e-24 1.00032191846935e+00 0.00000000000000e+00 0.00000000000000e+00 0.00000000000000e+00 0.00000000000000e+00 0.00000000000000e+00 0.00000000000000e+00 0.00000000000000e+00 0.00000000000000e+00 0.00000000000000e+00 0.00000000000000e+00 -nan -nan -nan -nan -1.60217663400000e-19
125 4.58887500000000e-09 5.90554576857858e-10 -4.22346078791849e-04 9.89535581360649e-03 2.26603262623133e-31 -1.67725743801434e-25 6.92795974104781e-24 1.00032191846927e+00 0.00000000000000e+00 0.00000000000000e+00 0.00000000000000e+00 0.00000000000000e+00 0.00000000000000e+00 0.00000000000000e+00 0.00000000000000e+00 0.00000000000000e+00 0.00000000000000e+00 0.00000000000000e+00 -nan -nan -nan -nan -1.60217663400000e-19
126 4.62558600000000e-09 5.99718377508474e-10 -4.29130308300840e-04 1.01744634820541e-02 2.28287530898353e-31 -1.69067283451421e-25 6.92792713231884e-24 1.00032191846926e+00 0.00000000000000e+00 0.00000000000000e+00 0.00000000000000e+00 0.00000000000000e+00 0.00000000000000e+00 0.00000000000000e+00 0.00000000000000e+00 0.00000000000000e+00 0.00000000000000e+00 0.00000000000000e+00 -nan -nan -nan -nan -1.60217663400000e-19
127 4.66229700000000e-09 6.08948722472487e-10 -4.35968584601223e-04 1.04535698316067e-02 2.29873123245928e-31 -1.70408816718351e-25 6.92789426462322e-24 1.00032191846932e+00 0.00000000000000e+00 0.00000000000000e+00 0.00000000000000e+00 0.00000000000000e+00 0.00000000000000e+00 0.00000000000000e+00 0.00000000000000e+00 0.00000000000000e+00 0.00000000000000e+00 0.00000000000000e+00 -nan -nan -nan -nan -1.60217663400000e-19
128 4.69900800000000e-09 6.18240281377843e-10 -4.42860907434652e-04 1.07326748517573e-02 2.31424811152384e-31 -1.71750343563486e-25 6.92786113612835e-24 1.00032191846929e+00 0.00000000000000e+00 0.00000000000000e+00 0.00000000000000e+00 0.00000000000000e+00 0.00000000000000e+00 0.00000000000000e+00 0.00000000000000e+00 0.00000000000000e+00 0.00000000000000e+00 0.00000000000000e+00 -nan -nan -nan -nan -1.60217663400000e-19
129 4.73571900000000e-09 6.27595652764402e-10 -4.49807276542042e-04 1.10117785319992e-02 2.33124329319590e-31 -1.73091863961646e-25 6.92782774866693e-24 1.00032191846933e+00 0.00000000000000e+00 0.00000000000000e+00 0.00000000000000e+00 0.00000000000000e+00 0.00000000000000e+00 0.00000000000000e+00 0.00000000000000e+00 0.00000000000000e+00 0.00000000000000e+00 0.00000000000000e+00 -nan -nan -nan -nan -1.60217663400000e-19
130 4.77243000000000e-09 6.37024149436437e-10 -4.56807691663021e-04 1.12908808619729e-02 2.34816368221976e-31 -1.74433377842264e-25 6.92779410224037e-24 1.00032191846945e+00 0.00000000000000e+00 0.00000000000000e+00 0.00000000000000e+00 0.00000000000000e+00 0.00000000000000e+00 0.00000000000000e+00 0.00000000000000e+00 0.00000000000000e+00 0.00000000000000e+00 0.00000000000000e+00 -nan -nan -nan -nan -1.60217663400000e-19
131 4.80914100000000e-09 6.46515855951915e-10 -4.63862152532806e-04 1.15699818311719e-02 2.36360542046527e-31 -1.75774885138161e-25 6.92776019502004e-24 1.00032191846948e+00 0.00000000000000e+00 0.00000000000000e+00 0.00000000000000e+00 0.00000000000000e+00 0.00000000000000e+00 0.00000000000000e+00 0.00000000000000e+00 0.00000000000000e+00 0.00000000000000e+00 0.00000000000000e+00 -nan -nan -nan -nan -1.60217663400000e-19
132 4.84585200000000e-09 6.56068773603367e-10 -4.70970658885621e-04 1.18490814290896e-02 2.37953190031895e-31 -1.77116385819675e-25 6.92772602700822e-24 1.00032191846941e+00 0.00000000000000e+00 0.00000000000000e+00 0.00000000000000e+00 0.00000000000000e+00 0.00000000000000e+00 0.00000000000000e+00 0.00000000000000e+00 0.00000000000000e+00 0.00000000000000e+00 0.00000000000000e+00 -nan -nan -nan -nan -1.60217663400000e-19
133 4.88256300000000e-09 6.65688806877826e-10 -4.78133210454293e-04 1.21281796452194e-02 2.39629169071748e-31 -1.78457879838072e-25 6.92769160003374e-24 1.00032191846941e+00 0.00000000000000e+00 0.00000000000000e+00 0.00000000000000e+00 0.00000000000000e+00 0.00000000000000e+00 0.00000000000000e+00 0.00000000000000e+00 0.00000000000000e+00 0.00000000000000e+00 0.00000000000000e+00 -nan -nan -nan -nan -1.60217663400000e-19
134 4.91927400000000e-09 6.75376765643371e-10 -4.85349806969125e-04 1.24072764692020e-02 2.41233504790780e-31 -1.79799367133389e-25 6.92765691409797e-24 1.00032191846949e+00 0.00000000000000e+00 0.00000000000000e+00 0.00000000000000e+00 0.00000000000000e+00 0.00000000000000e+00 0.00000000000000e+00 0.00000000000000e+00 0.00000000000000e+00 0.00000000000000e+00 0.00000000000000e+00 -nan -nan -nan -nan -1.60217663400000e-19
135 4.95598500000000e-09 6.85126067409693e-10 -4.92620448158095e-04 1.26863718905310e-02 2.42772472703077e-31 -1.81140847656027e-25 6.92762196737539e-24 1.00032191846947e+00 0.00000000000000e+00 0.00000000000000e+00 0.00000000000000e+00 0.00000000000000e+00 0.00000000000000e+00 0.00000000000000e+00 0.00000000000000e+00 0.00000000000000e+00 0.00000000000000e+00 0.00000000000000e+00 -nan -nan -nan -nan -1.60217663400000e-19
136 4.99269600000001e-09 6.94938027691062e-10 -4.99945133747523e-04 1.29654658987002e-02 2.44442074287090e-31 -1.82482321359443e-25 6.92758675986757e-24 1.00032191846936e+00 0.00000000000000e+00 0.00000000000000e+00 0.00000000000000e+00 0.00000000000000e+00 0.00000000000000e+00 0.00000000000000e+00 0.00000000000000e+00 0.00000000000000e+00 0.00000000000000e+00 0.00000000000000e+00 -nan -nan -nan -nan -1.60217663400000e-19
137 5.02940700000001e-09 7.04821856711388e-10 -5.07323863461635e-04 1.32445584832032e-02 2.46130855833684e-31 -1.83823788192057e-25 6.92755129340198e-24 1.00032191846933e+00 0.00000000000000e+00 0.00000000000000e+00 0.00000000000000e+00 0.00000000000000e+00 0.00000000000000e+00 0.00000000000000e+00 0.00000000000000e+00 0.00000000000000e+00 0.00000000000000e+00 0.00000000000000e+00 -nan -nan -nan -nan -1.60217663400000e-19
138 5.06611800000001e-09 7.14769889661979e-10 -5.14756637022599e-04 1.35236496336809e-02 2.47683951767948e-31 -1.85165248104824e-25 6.92751556797992e-24 1.00032191846937e+00 0.00000000000000e+00 0.00000000000000e+00 0.00000000000000e+00 0.00000000000000e+00 0.00000000000000e+00 0.00000000000000e+00 0.00000000000000e+00 0.00000000000000e+00 0.00000000000000e+00 0.00000000000000e+00 -nan -nan -nan -nan -1.60217663400000e-19
139 5.10282900000001e-09 7.24778858555937e-10 -5.22243454150677e-04 1.38027393396272e-02 2.49253943791194e-31 -1.86506701044722e-25 6.92747958177642e-24 1.00032191846931e+00 0.00000000000000e+00 0.00000000000000e+00 0.00000000000000e+00 0.00000000000000e+00 0.00000000000000e+00 0.00000000000000e+00 0.00000000000000e+00 0.00000000000000e+00 0.00000000000000e+00 0.00000000000000e+00 -nan -nan -nan -nan -1.60217663400000e-19
140 5.13954000000001e-09 7.34853392773487e-10 -5.29784314563774e-04 1.40818275905359e-02 2.50934008072330e-31 -1.87848146955448e-25 6.92744333661975e-24 1.00032191846933e+00 0.00000000000000e+00 0.00000000000000e+00 0.00000000000000e+00 0.00000000000000e+00 0.00000000000000e+00 0.00000000000000e+00 0.00000000000000e+00 0.00000000000000e+00 0.00000000000000e+00 0.00000000000000e+00 -nan -nan -nan -nan -1.60217663400000e-19
141 5.17625100000001e-09 7.44997731947667e-10 -5.37379217977617e-04 1.43609143760480e-02 2.52569182057812e-31 -1.89189585797038e-25 6.92740683251124e-24 1.00032191846943e+00 0.00000000000000e+00 0.00000000000000e+00 0.00000000000000e+00 0.00000000000000e+00 0.00000000000000e+00 0.00000000000000e+00 0.00000000000000e+00 0.00000000000000e+00 0.00000000000000e+00 0.00000000000000e+00 -nan -nan -nan -nan -1.60217663400000e-19
142 5.21296200000001e-09 7.55204019433894e-10 -5.45028164106879e-04 1.46399996856577e-02 2.54107412318547e-31 -1.90531017523599e-25 6.92737006762464e-24 1.00032191846943e+00 0.00000000000000e+00 0.00000000000000e+00 0.00000000000000e+00 0.00000000000000e+00 0.00000000000000e+00 0.00000000000000e+00 0.00000000000000e+00 0.00000000000000e+00 0.00000000000000e+00 0.00000000000000e+00 -nan -nan -nan -nan -1.60217663400000e-19
143 5.24967300000001e-09 7.65472300688017e-10 -5.52731152663601e-04 1.49190835088588e-02 2.55745025026762e-31 -1.91872442064295e-25 6.92733304196023e-24 1.00032191846933e+00 0.00000000000000e+00 0.00000000000000e+00 0.00000000000000e+00 0.00000000000000e+00 0.00000000000000e+00 0.00000000000000e+00 0.00000000000000e+00 0.00000000000000e+00 0.00000000000000e+00 0.00000000000000e+00 -nan -nan -nan -nan -1.60217663400000e-19
144 5.28638400000001e-09 7.75810537941702e-10 -5.60488183356745e-04 1.51981658351454e-02 2.57428785298599e-31 -1.93213859374642e-25 6.92729575734978e-24 1.00032191846931e+00 0.00000000000000e+00 0.00000000000000e+00 0.00000000000000e+00 0.00000000000000e+00 0.00000000000000e+00 0.00000000000000e+00 0.00000000000000e+00 0.00000000000000e+00 0.00000000000000e+00 0.00000000000000e+00 -nan -nan -nan -nan -1.60217663400000e-19
145 5.32309500000001e-09 7.86214487278522e-10 -5.68299255894773e-04 1.54772466541590e-02 2.59003367588459e-31 -1.94555269426168e-25 6.92725821379453e-24 1.00032191846937e+00 0.00000000000000e+00 0.00000000000000e+00 0.00000000000000e+00 0.00000000000000e+00 0.00000000000000e+00 0.00000000000000e+00 0.00000000000000e+00 0.00000000000000e+00 0.00000000000000e+00 0.00000000000000e+00 -nan -nan -nan -nan -1.60217663400000e-19
146 5.35980600000001e-09 7.96679595657440e-10 -5.76164369984339e-04 1.57563259553937e-02 2.60563360381371e-31 -1.95896672154615e-25 6.92722040946376e-24 1.00032191846933e+00 0.00000000000000e+00 0.00000000000000e+00 0.00000000000000e+00 0.00000000000000e+00 0.00000000000000e+00 0.00000000000000e+00 0.00000000000000e+00 0.00000000000000e+00 0.00000000000000e+00 0.00000000000000e+00 -nan -nan -nan -nan -1.60217663400000e-19
147 5.39651700000001e-09 8.07209240578586e-10 -5.84083525328738e-04 1.60354037283436e-02 2.62261144806389e-31 -1.97238067480225e-25 6.92718234619403e-24 1.00032191846936e+00 0.00000000000000e+00 0.00000000000000e+00 0.00000000000000e+00 0.00000000000000e+00 0.00000000000000e+00 0.00000000000000e+00 0.00000000000000e+00 0.00000000000000e+00 0.00000000000000e+00 0.00000000000000e+00 -nan -nan -nan -nan -1.60217663400000e-19
148 5.43322800000001e-09 8.17811147028835e-10 -5.92056721628201e-04 1.63144799626508e-02 2.63940890349328e-31 -1.98579455384072e-25 6.92714402398657e-24 1.00032191846947e+00 0.00000000000000e+00 0.00000000000000e+00 0.00000000000000e+00 0.00000000000000e+00 0.00000000000000e+00 0.00000000000000e+00 0.00000000000000e+00 0.00000000000000e+00 0.00000000000000e+00 0.00000000000000e+00 -nan -nan -nan -nan -1.60217663400000e-19
149 5.46993900000001e-09 8.28476136548043e-10 -6.00083958584484e-04 1.65935546478093e-02 2.65491435254092e-31 -1.99920835839720e-25 6.92710544100538e-24 1.00032191846949e+00 0.00000000000000e+00 0.00000000000000e+00 0.00000000000000e+00 0.00000000000000e+00 0.00000000000000e+00 0.00000000000000e+00 0.00000000000000e+00 0.00000000000000e+00 0.00000000000000e+00 0.00000000000000e+00 -nan -nan -nan -nan -1.60217663400000e-19
150 5.50665000000001e-09 8.39202977324086e-10 -6.08165235895699e-04 1.68726277733134e-02 2.67110467810990e-31 -2.01262208750877e-25 6.92706659724923e-24 1.00032191846941e+00 0.00000000000000e+00 0.00000000000000e+00 0.00000000000000e+00 0.00000000000000e+00 0.00000000000000e+00 0.00000000000000e+00 0.00000000000000e+00 0.00000000000000e+00 0.00000000000000e+00 0.00000000000000e+00 -nan -nan -nan -nan -1.60217663400000e-19
151 5.54336100000001e-09 8.49998419525005e-10 -6.16300553255841e-04 1.71516993286571e-02 2.68803410348364e-31 -2.02603574064775e-25 6.92702749456380e-24 1.00032191846940e+00 0.00000000000000e+00 0.00000000000000e+00 0.00000000000000e+00 0.00000000000000e+00 0.00000000000000e+00 0.00000000000000e+00 0.00000000000000e+00 0.00000000000000e+00 0.00000000000000e+00 0.00000000000000e+00 -nan -nan -nan -nan -1.60217663400000e-19
152 5.58007200000001e-09 8.60861668239875e-10 -6.24489910358775e-04 1.74307693034832e-02 2.70413524225960e-31 -2.03944931774553e-25 6.92698813295023e-24 1.00032191846947e+00 0.00000000000000e+00 0.00000000000000e+00 0.00000000000000e+00 0.00000000000000e+00 0.00000000000000e+00 0.00000000000000e+00 0.00000000000000e+00 0.00000000000000e+00 0.00000000000000e+00 0.00000000000000e+00 -nan -nan -nan -nan -1.60217663400000e-19
153 5.61678300000001e-09 8.71786844504689e-10 -6.32733306897932e-04 1.77098376872860e-02 2.71977102649875e-31 -2.05286281819965e-25 6.92694851056225e-24 1.00032191846945e+00 0.00000000000000e+00 0.00000000000000e+00 0.00000000000000e+00 0.00000000000000e+00 0.00000000000000e+00 0.00000000000000e+00 0.00000000000000e+00 0.00000000000000e+00 0.00000000000000e+00 0.00000000000000e+00 -nan -nan -nan -nan -1.60217663400000e-19
154 5.65349400000001e-09 8.82776077714185e-10 -6.41030742562329e-04 1.79889044695594e-02 2.73693549871257e-31 -2.06627624085535e-25 6.92690862739764e-24 1.00032191846933e+00 0.00000000000000e+00 0.00000000000000e+00 0.00000000000000e+00 0.00000000000000e+00 0.00000000000000e+00 0.00000000000000e+00 0.00000000000000e+00 0.00000000000000e+00 0.00000000000000e+00 0.00000000000000e+00 -nan -nan -nan -nan -1.60217663400000e-19
155 5.69020500000001e-09 8.93839555795162e-10 -6.49382217036094e-04 1.82679696397976e-02 2.75419374412576e-31 -2.07968958569060e-25 6.92686848531478e-24 1.00032191846928e+00 0.00000000000000e+00 0.00000000000000e+00 0.00000000000000e+00 0.00000000000000e+00 0.00000000000000e+00 0.00000000000000e+00 0.00000000000000e+00 0.00000000000000e+00 0.00000000000000e+00 0.00000000000000e+00 -nan -nan -nan -nan -1.60217663400000e-19
156 5.72691600000001e-09 9.04967846393354e-10 -6.57787730008072e-04 1.85470331876443e-02 2.76996602061539e-31 -2.09310285276058e-25 6.92682808431469e-24 1.00032191846931e+00 0.00000000000000e+00 0.00000000000000e+00 0.00000000000000e+00 0.00000000000000e+00 0.00000000000000e+00 0.00000000000000e+00 0.00000000000000e+00 0.00000000000000e+00 0.00000000000000e+00 0.00000000000000e+00 -nan -nan -nan -nan -1.60217663400000e-19
157 5.76362700000001e-09 9.16158408747958e-10 -6.66247281162818e-04 1.88260951025935e-02 2.78611244001187e-31 -2.10651604088608e-25 6.92678742253719e-24 1.00032191846924e+00 0.00000000000000e+00 0.00000000000000e+00 0.00000000000000e+00 0.00000000000000e+00 0.00000000000000e+00 0.00000000000000e+00 0.00000000000000e+00 0.00000000000000e+00 0.00000000000000e+00 0.00000000000000e+00 -nan -nan -nan -nan -1.60217663400000e-19
158 5.80033800000001e-09 9.27416798256225e-10 -6.74760870179689e-04 1.91051553741393e-02 2.80328934372681e-31 -2.11992914929080e-25 6.92674650185286e-24 1.00032191846926e+00 0.00000000000000e+00 0.00000000000000e+00 0.00000000000000e+00 0.00000000000000e+00 0.00000000000000e+00 0.00000000000000e+00 0.00000000000000e+00 0.00000000000000e+00 0.00000000000000e+00 0.00000000000000e+00 -nan -nan -nan -nan -1.60217663400000e-19
159 5.83704900000001e-09 9.38745762593144e-10 -6.83328496736988e-04 1.93842139919263e-02 2.81990431530386e-31 -2.13334217813265e-25 6.92670532226272e-24 1.00032191846934e+00 0.00000000000000e+00 0.00000000000000e+00 0.00000000000000e+00 0.00000000000000e+00 0.00000000000000e+00 0.00000000000000e+00 0.00000000000000e+00 0.00000000000000e+00 0.00000000000000e+00 0.00000000000000e+00 -nan -nan -nan -nan -1.60217663400000e-19
160 5.87376000000001e-09 9.50138026345599e-10 -6.91950160515329e-04 1.96632709454486e-02 2.83572323987061e-31 -2.14675512701373e-25 6.92666388189374e-24 1.00032191846933e+00 0.00000000000000e+00 0.00000000000000e+00 0.00000000000000e+00 0.00000000000000e+00 0.00000000000000e+00 0.00000000000000e+00 0.00000000000000e+00 0.00000000000000e+00 0.00000000000000e+00 0.00000000000000e+00 -nan -nan -nan -nan -1.60217663400000e-19
161 5.91047100000001e-09 9.61594450820531e-10 -7.00625861189821e-04 1.99423262242001e-02 2.85277516923593e-31 -2.16016799450455e-25 6.92662218074183e-24 1.00032191846923e+00 0.00000000000000e+00 0.00000000000000e+00 0.00000000000000e+00 0.00000000000000e+00 0.00000000000000e+00 0.00000000000000e+00 0.00000000000000e+00 0.00000000000000e+00 0.00000000000000e+00 0.00000000000000e+00 -nan -nan -nan -nan -1.60217663400000e-19
162 5.94718200000001e-09 9.73124109581170e-10 -7.09355598429559e-04 2.02213798176745e-02 2.87020629166318e-31 -2.17358078050083e-25 6.92658022069717e-24 1.00032191846919e+00 0.00000000000000e+00 0.00000000000000e+00 0.00000000000000e+00 0.00000000000000e+00 0.00000000000000e+00 0.00000000000000e+00 0.00000000000000e+00 0.00000000000000e+00 0.00000000000000e+00 0.00000000000000e+00 -nan -nan -nan -nan -1.60217663400000e-19
163 5.98389300000001e-09 9.84720984392085e-10 -7.18139371908816e-04 2.05004317155178e-02 2.88640517862844e-31 -2.18699348528998e-25 6.92653800176065e-24 1.00032191846924e+00 0.00000000000000e+00 0.00000000000000e+00 0.00000000000000e+00 0.00000000000000e+00 0.00000000000000e+00 0.00000000000000e+00 0.00000000000000e+00 0.00000000000000e+00 0.00000000000000e+00 0.00000000000000e+00 -nan -nan -nan -nan -1.60217663400000e-19
164 6.02060400000001e-09 9.96381164817425e-10 -7.26977181298988e-04 2.07794819072240e-02 2.90265923576358e-31 -2.20040610772828e-25 6.92649552203825e-24 1.00032191846919e+00 0.00000000000000e+00 0.00000000000000e+00 0.00000000000000e+00 0.00000000000000e+00 0.00000000000000e+00 0.00000000000000e+00 0.00000000000000e+00 0.00000000000000e+00 0.00000000000000e+00 0.00000000000000e+00 -nan -nan -nan -nan -1.60217663400000e-19
165 6.05731500000001e-09 1.00810900582373e-09 -7.35869026265143e-04 2.10585303822865e-02 2.92025574398582e-31 -2.21381864661308e-25 6.92645278343784e-24 1.00032191846922e+00 0.00000000000000e+00 0.00000000000000e+00 0.00000000000000e+00 0.00000000000000e+00 0.00000000000000e+00 0.00000000000000e+00 0.00000000000000e+00 0.00000000000000e+00 0.00000000000000e+00 0.00000000000000e+00 -nan -nan -nan -nan -1.60217663400000e-19
166 6.09402600000001e-09 1.01991096917225e-09 -7.44814906468992e-04 2.13375771303528e-02 2.93756492436211e-31 -2.22723110233917e-25 6.92640978596035e-24 1.00032191846932e+00 0.00000000000000e+00 0.00000000000000e+00 0.00000000000000e+00 0.00000000000000e+00 0.00000000000000e+00 0.00000000000000e+00 0.00000000000000e+00 0.00000000000000e+00 0.00000000000000e+00 0.00000000000000e+00 -nan -nan -nan -nan -1.60217663400000e-19
167 6.13073700000001e-09 1.03177827797299e-09 -7.53814821578768e-04 2.16166221409165e-02 2.95372833262474e-31 -2.24064347488970e-25 6.92636652769330e-24 1.00032191846933e+00 0.00000000000000e+00 0.00000000000000e+00 0.00000000000000e+00 0.00000000000000e+00 0.00000000000000e+00 0.00000000000000e+00 0.00000000000000e+00 0.00000000000000e+00 0.00000000000000e+00 0.00000000000000e+00 -nan -nan -nan -nan -1.60217663400000e-19
168 6.16744800000001e-09 1.04371047711845e-09 -7.62868771256056e-04 2.18956654034711e-02 2.97082447960816e-31 -2.25405576254885e-25 6.92632300863047e-24 1.00032191846923e+00 0.00000000000000e+00 0.00000000000000e+00 0.00000000000000e+00 0.00000000000000e+00 0.00000000000000e+00 0.00000000000000e+00 0.00000000000000e+00 0.00000000000000e+00 0.00000000000000e+00 0.00000000000000e+00 -nan -nan -nan -nan -1.60217663400000e-19
169 6.20415900000001e-09 1.05571553720847e-09 -7.71976755155266e-04 2.21747069075098e-02 2.98860311549900e-31 -2.26746796495722e-25 6.92627923070714e-24 1.00032191846922e+00 0.00000000000000e+00 0.00000000000000e+00 0.00000000000000e+00 0.00000000000000e+00 0.00000000000000e+00 0.00000000000000e+00 0.00000000000000e+00 0.00000000000000e+00 0.00000000000000e+00 0.00000000000000e+00 -nan -nan -nan -nan -1.60217663400000e-19
170 6.24087000000002e-09 1.06779098676105e-09 -7.81138772935091e-04 2.24537466426816e-02 3.00540796611757e-31 -2.28088008264486e-25 6.92623519392405e-24 1.00032191846928e+00 0.00000000000000e+00 0.00000000000000e+00 0.00000000000000e+00 0.00000000000000e+00 0.00000000000000e+00 0.00000000000000e+00 0.00000000000000e+00 0.00000000000000e+00 0.00000000000000e+00 0.00000000000000e+00 -nan -nan -nan -nan -1.60217663400000e-19
171 6.27758100000002e-09 1.07993145103547e-09 -7.90354824254195e-04 2.27327845984800e-02 3.02193314763388e-31 -2.29429211467510e-25 6.92619089633982e-24 1.00032191846925e+00 0.00000000000000e+00 0.00000000000000e+00 0.00000000000000e+00 0.00000000000000e+00 0.00000000000000e+00 0.00000000000000e+00 0.00000000000000e+00 0.00000000000000e+00 0.00000000000000e+00 0.00000000000000e+00 -nan -nan -nan -nan -1.60217663400000e-19
172 6.31429200000002e-09 1.09214005135363e-09 -7.99624908763737e-04 2.30118207643978e-02 3.04014122340831e-31 -2.30770405922909e-25 6.92614633991354e-24 1.00032191846929e+00 0.00000000000000e+00 0.00000000000000e+00 0.00000000000000e+00 0.00000000000000e+00 0.00000000000000e+00 0.00000000000000e+00 0.00000000000000e+00 0.00000000000000e+00 0.00000000000000e+00 0.00000000000000e+00 -nan -nan -nan -nan -1.60217663400000e-19
173 6.35100300000002e-09 1.10442722622404e-09 -8.08949026107729e-04 2.32908551300860e-02 3.05835122078958e-31 -2.32111591694883e-25 6.92610152464601e-24 1.00032191846941e+00 0.00000000000000e+00 0.00000000000000e+00 0.00000000000000e+00 0.00000000000000e+00 0.00000000000000e+00 0.00000000000000e+00 0.00000000000000e+00 0.00000000000000e+00 0.00000000000000e+00 0.00000000000000e+00 -nan -nan -nan -nan -1.60217663400000e-19
174 6.38771400000002e-09 1.11678255262144e-09 -8.18327175942487e-04 2.35698876850375e-02 3.07503764726876e-31 -2.33452768838717e-25 6.92605644857111e-24 1.00032191846944e+00 0.00000000000000e+00 0.00000000000000e+00 0.00000000000000e+00 0.00000000000000e+00 0.00000000000000e+00 0.00000000000000e+00 0.00000000000000e+00 0.00000000000000e+00 0.00000000000000e+00 0.00000000000000e+00 -nan -nan -nan -nan -1.60217663400000e-19
175 6.42442500000002e-09 1.12920417748009e-09 -8.27759357916489e-04 2.38489184187451e-02 3.09234453021769e-31 -2.34793937153029e-25 6.92601111168028e-24 1.00032191846936e+00 0.00000000000000e+00 0.00000000000000e+00 0.00000000000000e+00 0.00000000000000e+00 0.00000000000000e+00 0.00000000000000e+00 0.00000000000000e+00 0.00000000000000e+00 0.00000000000000e+00 0.00000000000000e+00 -nan -nan -nan -nan -1.60217663400000e-19
176 6.46113600000002e-09 1.14169895316052e-09 -8.37245571669824e-04 2.41279473207009e-02 3.11066276293156e-31 -2.36135096557876e-25 6.92596551596870e-24 1.00032191846936e+00 0.00000000000000e+00 0.00000000000000e+00 0.00000000000000e+00 0.00000000000000e+00 0.00000000000000e+00 0.00000000000000e+00 0.00000000000000e+00 0.00000000000000e+00 0.00000000000000e+00 0.00000000000000e+00 -nan -nan -nan -nan -1.60217663400000e-19
177 6.49784700000002e-09 1.15426817619881e-09 -8.46785816844536e-04 2.44069743805585e-02 3.12827653074725e-31 -2.37476247131565e-25 6.92591966143695e-24 1.00032191846944e+00 0.00000000000000e+00 0.00000000000000e+00 0.00000000000000e+00 0.00000000000000e+00 0.00000000000000e+00 0.00000000000000e+00 0.00000000000000e+00 0.00000000000000e+00 0.00000000000000e+00 0.00000000000000e+00 -nan -nan -nan -nan -1.60217663400000e-19
178 6.53455800000002e-09 1.16690487387067e-09 -8.56380093087005e-04 2.46859995878100e-02 3.14525105077187e-31 -2.38817388819501e-25 6.92587354608117e-24 1.00032191846942e+00 0.00000000000000e+00 0.00000000000000e+00 0.00000000000000e+00 0.00000000000000e+00 0.00000000000000e+00 0.00000000000000e+00 0.00000000000000e+00 0.00000000000000e+00 0.00000000000000e+00 0.00000000000000e+00 -nan -nan -nan -nan -1.60217663400000e-19
179 6.57126900000002e-09 1.17961086819551e-09 -8.66028400034887e-04 2.49650229319474e-02 3.16378889211125e-31 -2.40158521397967e-25 6.92582716989129e-24 1.00032191846929e+00 0.00000000000000e+00 0.00000000000000e+00 0.00000000000000e+00 0.00000000000000e+00 0.00000000000000e+00 0.00000000000000e+00 0.00000000000000e+00 0.00000000000000e+00 0.00000000000000e+00 0.00000000000000e+00 -nan -nan -nan -nan -1.60217663400000e-19
180 6.60798000000002e-09 1.19239693353176e-09 -8.75730737316539e-04 2.52440444024623e-02 3.18264001450209e-31 -2.41499644916348e-25 6.92578053490388e-24 1.00032191846925e+00 0.00000000000000e+00 0.00000000000000e+00 0.00000000000000e+00 0.00000000000000e+00 0.00000000000000e+00 0.00000000000000e+00 0.00000000000000e+00 0.00000000000000e+00 0.00000000000000e+00 0.00000000000000e+00 -nan -nan -nan -nan -1.60217663400000e-19
181 6.64469100000002e-09 1.20525481976629e-09 -8.85487104573598e-04 2.55230639890106e-02 3.20004886085156e-31 -2.42840759467369e-25 6.92573364111933e-24 1.00032191846929e+00 0.00000000000000e+00 0.00000000000000e+00 0.00000000000000e+00 0.00000000000000e+00 0.00000000000000e+00 0.00000000000000e+00 0.00000000000000e+00 0.00000000000000e+00 0.00000000000000e+00 0.00000000000000e+00 -nan -nan -nan -nan -1.60217663400000e-19
182 6.68140200000002e-09 1.21818115595021e-09 -8.95297501441878e-04 2.58020816810840e-02 3.21774518179038e-31 -2.44181864858881e-25 6.92568648649054e-24 1.00032191846922e+00 0.00000000000000e+00 0.00000000000000e+00 0.00000000000000e+00 0.00000000000000e+00 0.00000000000000e+00 0.00000000000000e+00 0.00000000000000e+00 0.00000000000000e+00 0.00000000000000e+00 0.00000000000000e+00 -nan -nan -nan -nan -1.60217663400000e-19
183 6.71811300000002e-09 1.23118162934354e-09 -9.05161927547544e-04 2.60810974681734e-02 3.23681610111773e-31 -2.45522960947223e-25 6.92563907308906e-24 1.00032191846924e+00 0.00000000000000e+00 0.00000000000000e+00 0.00000000000000e+00 0.00000000000000e+00 0.00000000000000e+00 0.00000000000000e+00 0.00000000000000e+00 0.00000000000000e+00 0.00000000000000e+00 0.00000000000000e+00 -nan -nan -nan -nan -1.60217663400000e-19
184 6.75482400000002e-09 1.24426162843920e-09 -9.15080382514839e-04 2.63601113399372e-02 3.25546996747875e-31 -2.46864047837041e-25 6.92559140091531e-24 1.00032191846935e+00 0.00000000000000e+00 0.00000000000000e+00 0.00000000000000e+00 0.00000000000000e+00 0.00000000000000e+00 0.00000000000000e+00 0.00000000000000e+00 0.00000000000000e+00 0.00000000000000e+00 0.00000000000000e+00 -nan -nan -nan -nan -1.60217663400000e-19
185 6.79153500000002e-09 1.25741240436231e-09 -9.25052865978345e-04 2.66391232858667e-02 3.27309007638021e-31 -2.48205125532401e-25 6.92554346788620e-24 1.00032191846934e+00 0.00000000000000e+00 0.00000000000000e+00 0.00000000000000e+00 0.00000000000000e+00 0.00000000000000e+00 0.00000000000000e+00 0.00000000000000e+00 0.00000000000000e+00 0.00000000000000e+00 0.00000000000000e+00 -nan -nan -nan -nan -1.60217663400000e-19
186 6.82824600000002e-09 1.27063437654235e-09 -9.35079377562643e-04 2.69181332954525e-02 3.29197631526540e-31 -2.49546193777782e-25 6.92549527398890e-24 1.00032191846923e+00 0.00000000000000e+00 0.00000000000000e+00 0.00000000000000e+00 0.00000000000000e+00 0.00000000000000e+00 0.00000000000000e+00 0.00000000000000e+00 0.00000000000000e+00 0.00000000000000e+00 0.00000000000000e+00 -nan -nan -nan -nan -1.60217663400000e-19
187 6.86495700000002e-09 1.28393732732443e-09 -9.45159916881726e-04 2.71971413581845e-02 3.31151790137956e-31 -2.50887252577907e-25 6.92544682134652e-24 1.00032191846920e+00 0.00000000000000e+00 0.00000000000000e+00 0.00000000000000e+00 0.00000000000000e+00 0.00000000000000e+00 0.00000000000000e+00 0.00000000000000e+00 0.00000000000000e+00 0.00000000000000e+00 0.00000000000000e+00 -nan -nan -nan -nan -1.60217663400000e-19
188 6.90166800000002e-09 1.29731675478865e-09 -9.55294483560563e-04 2.74761474637246e-02 3.32987368719096e-31 -2.52228302052416e-25 6.92539810995923e-24 1.00032191846926e+00 0.00000000000000e+00 0.00000000000000e+00 0.00000000000000e+00 0.00000000000000e+00 0.00000000000000e+00 0.00000000000000e+00 0.00000000000000e+00 0.00000000000000e+00 0.00000000000000e+00 0.00000000000000e+00 -nan -nan -nan -nan -1.60217663400000e-19
189 6.93837900000002e-09 1.31076760633243e-09 -9.65483077222768e-04 2.77551516015627e-02 3.34815325762696e-31 -2.53569342048494e-25 6.92534913769041e-24 1.00032191846921e+00 0.00000000000000e+00 0.00000000000000e+00 0.00000000000000e+00 0.00000000000000e+00 0.00000000000000e+00 0.00000000000000e+00 0.00000000000000e+00 0.00000000000000e+00 0.00000000000000e+00 0.00000000000000e+00 -nan -nan -nan -nan -1.60217663400000e-19
190 6.97509000000002e-09 1.32429432045706e-09 -9.75725697481009e-04 2.80341537611884e-02 3.36821508126113e-31 -2.54910372337818e-25 6.92529990670611e-24 1.00032191846925e+00 0.00000000000000e+00 0.00000000000000e+00 0.00000000000000e+00 0.00000000000000e+00 0.00000000000000e+00 0.00000000000000e+00 0.00000000000000e+00 0.00000000000000e+00 0.00000000000000e+00 0.00000000000000e+00 -nan -nan -nan -nan -1.60217663400000e-19
191 7.01180100000002e-09 1.33790681907099e-09 -9.86022343940509e-04 2.83131539322663e-02 3.38817370597291e-31 -2.56251393052415e-25 6.92525041700657e-24 1.00032191846937e+00 0.00000000000000e+00 0.00000000000000e+00 0.00000000000000e+00 0.00000000000000e+00 0.00000000000000e+00 0.00000000000000e+00 0.00000000000000e+00 0.00000000000000e+00 0.00000000000000e+00 0.00000000000000e+00 -nan -nan -nan -nan -1.60217663400000e-19
192 7.04851200000002e-09 1.35159434874597e-09 -9.96373016224556e-04 2.85921521042860e-02 3.40665754564448e-31 -2.57592404275831e-25 6.92520066641104e-24 1.00032191846939e+00 0.00000000000000e+00 0.00000000000000e+00 0.00000000000000e+00 0.00000000000000e+00 0.00000000000000e+00 0.00000000000000e+00 0.00000000000000e+00 0.00000000000000e+00 0.00000000000000e+00 0.00000000000000e+00 -nan -nan -nan -nan -1.60217663400000e-19
193 7.08522300000002e-09 1.36535577990874e-09 -1.00677771394512e-03 2.88711482667363e-02 3.42598786725137e-31 -2.58933407760891e-25 6.92515065491145e-24 1.00032191846930e+00 0.00000000000000e+00 0.00000000000000e+00 0.00000000000000e+00 0.00000000000000e+00 0.00000000000000e+00 0.00000000000000e+00 0.00000000000000e+00 0.00000000000000e+00 0.00000000000000e+00 0.00000000000000e+00 -nan -nan -nan -nan -1.60217663400000e-19
194 7.12193400000002e-09 1.37919906261544e-09 -1.01723643686671e-03 2.91501424091062e-02 3.44611338625765e-31 -2.60274403423146e-25 6.92510038470924e-24 1.00032191846930e+00 0.00000000000000e+00 0.00000000000000e+00 0.00000000000000e+00 0.00000000000000e+00 0.00000000000000e+00 0.00000000000000e+00 0.00000000000000e+00 0.00000000000000e+00 0.00000000000000e+00 0.00000000000000e+00 -nan -nan -nan -nan -1.60217663400000e-19
195 7.15864500000002e-09 1.39312265407041e-09 -1.02774918459451e-03 2.94291345210619e-02 3.46507733978439e-31 -2.61615389185086e-25 6.92504985580914e-24 1.00032191846939e+00 0.00000000000000e+00 0.00000000000000e+00 0.00000000000000e+00 0.00000000000000e+00 0.00000000000000e+00 0.00000000000000e+00 0.00000000000000e+00 0.00000000000000e+00 0.00000000000000e+00 0.00000000000000e+00 -nan -nan -nan -nan -1.60217663400000e-19
196 7.19535600000002e-09 1.40711873781764e-09 -1.03831595672562e-03 2.97081245920926e-02 3.48329984516670e-31 -2.62956365037556e-25 6.92499906602346e-24 1.00032191846937e+00 0.00000000000000e+00 0.00000000000000e+00 0.00000000000000e+00 0.00000000000000e+00 0.00000000000000e+00 0.00000000000000e+00 0.00000000000000e+00 0.00000000000000e+00 0.00000000000000e+00 0.00000000000000e+00 -nan -nan -nan -nan -1.60217663400000e-19
197 7.23206700000002e-09 1.42118915613440e-09 -1.04893675286449e-03 2.99871126116886e-02 3.50315004514093e-31 -2.64297331154901e-25 6.92494801537131e-24 1.00032191846924e+00 0.00000000000000e+00 0.00000000000000e+00 0.00000000000000e+00 0.00000000000000e+00 0.00000000000000e+00 0.00000000000000e+00 0.00000000000000e+00 0.00000000000000e+00 0.00000000000000e+00 0.00000000000000e+00 -nan -nan -nan -nan -1.60217663400000e-19
198 7.26877800000002e-09 1.43534518180547e-09 -1.05961157262227e-03 3.02660985693404e-02 3.52295941359757e-31 -2.65638287329071e-25 6.92489670600157e-24 1.00032191846920e+00 0.00000000000000e+00 0.00000000000000e+00 0.00000000000000e+00 0.00000000000000e+00 0.00000000000000e+00 0.00000000000000e+00 0.00000000000000e+00 0.00000000000000e+00 0.00000000000000e+00 0.00000000000000e+00 -nan -nan -nan -nan -1.60217663400000e-19
199 7.30548900000002e-09 1.44957521304830e-09 -1.07034041558664e-03 3.05450824547114e-02 3.54087584489572e-31 -2.66979233337362e-25 6.92484513791791e-24 1.00032191846924e+00 0.00000000000000e+00 0.00000000000000e+00 0.00000000000000e+00 0.00000000000000e+00 0.00000000000000e+00 0.00000000000000e+00 0.00000000000000e+00 0.00000000000000e+00 0.00000000000000e+00 0.00000000000000e+00 -nan -nan -nan -nan -1.60217663400000e-19
200 7.34220000000002e-09 1.46387559940560e-09 -1.08112328135081e-03 3.08240642572926e-02 3.55904028039175e-31 -2.68320169326521e-25 6.92479330899355e-24 1.00032191846918e+00 0.00000000000000e+00 0.00000000000000e+00 0.00000000000000e+00 0.00000000000000e+00 0.00000000000000e+00 0.00000000000000e+00 0.00000000000000e+00 0.00000000000000e+00 0.00000000000000e+00 0.00000000000000e+00 -nan -nan -nan -nan -1.60217663400000e-19
201 7.37891100000002e-09 1.47825198961522e-09 -1.09196016951428e-03 3.11030439665757e-02 3.57822783297739e-31 -2.69661095314090e-25 6.92474122133375e-24 1.00032191846920e+00 0.00000000000000e+00 0.00000000000000e+00 0.00000000000000e+00 0.00000000000000e+00 0.00000000000000e+00 0.00000000000000e+00 0.00000000000000e+00 0.00000000000000e+00 0.00000000000000e+00 0.00000000000000e+00 -nan -nan -nan -nan -1.60217663400000e-19
202 7.41562200000002e-09 1.49270697865050e-09 -1.10285107967169e-03 3.13820215722216e-02 3.59663087755019e-31 -2.71002011090456e-25 6.92468887494218e-24 1.00032191846931e+00 0.00000000000000e+00 0.00000000000000e+00 0.00000000000000e+00 0.00000000000000e+00 0.00000000000000e+00 0.00000000000000e+00 0.00000000000000e+00 0.00000000000000e+00 0.00000000000000e+00 0.00000000000000e+00 -nan -nan -nan -nan -1.60217663400000e-19
203 7.45233300000002e-09 1.50723165040676e-09 -1.11379601140563e-03 3.16609970637222e-02 3.61395902629909e-31 -2.72342916580238e-25 6.92463626773491e-24 1.00032191846931e+00 0.00000000000000e+00 0.00000000000000e+00 0.00000000000000e+00 0.00000000000000e+00 0.00000000000000e+00 0.00000000000000e+00 0.00000000000000e+00 0.00000000000000e+00 0.00000000000000e+00 0.00000000000000e+00 -nan -nan -nan -nan -1.60217663400000e-19
204 7.48904400000002e-09 1.52182626007312e-09 -1.12479496430466e-03 3.19399704305705e-02 3.63246408866944e-31 -2.73683811922790e-25 6.92458339972889e-24 1.00032191846920e+00 0.00000000000000e+00 0.00000000000000e+00 0.00000000000000e+00 0.00000000000000e+00 0.00000000000000e+00 0.00000000000000e+00 0.00000000000000e+00 0.00000000000000e+00 0.00000000000000e+00 0.00000000000000e+00 -nan -nan -nan -nan -1.60217663400000e-19
205 7.52575500000002e-09 1.53650003537898e-09 -1.13584793796263e-03 3.22189416622600e-02 3.65123908974526e-31 -2.75024696991814e-25 6.92453027297521e-24 1.00032191846918e+00 0.00000000000000e+00 0.00000000000000e+00 0.00000000000000e+00 0.00000000000000e+00 0.00000000000000e+00 0.00000000000000e+00 0.00000000000000e+00 0.00000000000000e+00 0.00000000000000e+00 0.00000000000000e+00 -nan -nan -nan -nan -1.60217663400000e-19
206 7.56246600000002e-09 1.55124592361160e-09 -1.14695493195791e-03 3.24979107484486e-02 3.66852734143653e-31 -2.76365571594129e-25 6.92447688747743e-24 1.00032191846924e+00 0.00000000000000e+00 0.00000000000000e+00 0.00000000000000e+00 0.00000000000000e+00 0.00000000000000e+00 0.00000000000000e+00 0.00000000000000e+00 0.00000000000000e+00 0.00000000000000e+00 0.00000000000000e+00 -nan -nan -nan -nan -1.60217663400000e-19
207 7.59917700000002e-09 1.56605899808013e-09 -1.15811594586876e-03 3.27768776786301e-02 3.68569222174505e-31 -2.77706435788847e-25 6.92442324120419e-24 1.00032191846919e+00 0.00000000000000e+00 0.00000000000000e+00 0.00000000000000e+00 0.00000000000000e+00 0.00000000000000e+00 0.00000000000000e+00 0.00000000000000e+00 0.00000000000000e+00 0.00000000000000e+00 0.00000000000000e+00 -nan -nan -nan -nan -1.60217663400000e-19
208 7.63588800000002e-09 1.58094319141712e-09 -1.16933097927835e-03 3.30558424422990e-02 3.70413337104575e-31 -2.79047289631501e-25 6.92436933616957e-24 1.00032191846923e+00 0.00000000000000e+00 0.00000000000000e+00 0.00000000000000e+00 0.00000000000000e+00 0.00000000000000e+00 0.00000000000000e+00 0.00000000000000e+00 0.00000000000000e+00 0.00000000000000e+00 0.00000000000000e+00 -nan -nan -nan -nan -1.60217663400000e-19
209 7.67259900000002e-09 1.59590485445911e-09 -1.18060003176940e-03 3.33348050291112e-02 3.72213192321046e-31 -2.80388132942461e-25 6.92431517237716e-24 1.00032191846935e+00 0.00000000000000e+00 0.00000000000000e+00 0.00000000000000e+00 0.00000000000000e+00 0.00000000000000e+00 0.00000000000000e+00 0.00000000000000e+00 0.00000000000000e+00 0.00000000000000e+00 0.00000000000000e+00 -nan -nan -nan -nan -1.60217663400000e-19
210 7.70931000000002e-09 1.61093407016681e-09 -1.19192310291059e-03 3.36137654285614e-02 3.73875482606213e-31 -2.81728965602626e-25 6.92426074783175e-24 1.00032191846937e+00 0.00000000000000e+00 0.00000000000000e+00 0.00000000000000e+00 0.00000000000000e+00 0.00000000000000e+00 0.00000000000000e+00 0.00000000000000e+00 0.00000000000000e+00 0.00000000000000e+00 0.00000000000000e+00 -nan -nan -nan -nan -1.60217663400000e-19
211 7.74602100000002e-09 1.62602967135881e-09 -1.20330019227506e-03 3.38927236301450e-02 3.75615341508224e-31 -2.83069787715196e-25 6.92420606254783e-24 1.00032191846929e+00 0.00000000000000e+00 0.00000000000000e+00 0.00000000000000e+00 0.00000000000000e+00 0.00000000000000e+00 0.00000000000000e+00 0.00000000000000e+00 0.00000000000000e+00 0.00000000000000e+00 0.00000000000000e+00 -nan -nan -nan -nan -1.60217663400000e-19
212 7.78273200000002e-09 1.64119907526631e-09 -1.21473129943981e-03 3.41716796233579e-02 3.77410863395253e-31 -2.84410599213479e-25 6.92415111849484e-24 1.00032191846928e+00 0.00000000000000e+00 0.00000000000000e+00 0.00000000000000e+00 0.00000000000000e+00 0.00000000000000e+00 0.00000000000000e+00 0.00000000000000e+00 0.00000000000000e+00 0.00000000000000e+00 0.00000000000000e+00 -nan -nan -nan -nan -1.60217663400000e-19
213 7.81944300000002e-09 1.65643934967333e-09 -1.22621642397261e-03 3.44506333978538e-02 3.79094369874096e-31 -2.85751399934849e-25 6.92409591567626e-24 1.00032191846936e+00 0.00000000000000e+00 0.00000000000000e+00 0.00000000000000e+00 0.00000000000000e+00 0.00000000000000e+00 0.00000000000000e+00 0.00000000000000e+00 0.00000000000000e+00 0.00000000000000e+00 0.00000000000000e+00 -nan -nan -nan -nan -1.60217663400000e-19
214 7.85615400000002e-09 1.67174440121428e-09 -1.23775556543733e-03 3.47295849431291e-02 3.80732012843408e-31 -2.87092189872813e-25 6.92404045213980e-24 1.00032191846933e+00 0.00000000000000e+00 0.00000000000000e+00 0.00000000000000e+00 0.00000000000000e+00 0.00000000000000e+00 0.00000000000000e+00 0.00000000000000e+00 0.00000000000000e+00 0.00000000000000e+00 0.00000000000000e+00 -nan -nan -nan -nan -1.60217663400000e-19
215 7.89286500000002e-09 1.68711662782703e-09 -1.24934872340123e-03 3.50085342486803e-02 3.82521410767394e-31 -2.88432969097027e-25 6.92398472982568e-24 1.00032191846939e+00 0.00000000000000e+00 0.00000000000000e+00 0.00000000000000e+00 0.00000000000000e+00 0.00000000000000e+00 0.00000000000000e+00 0.00000000000000e+00 0.00000000000000e+00 0.00000000000000e+00 0.00000000000000e+00 -nan -nan -nan -nan -1.60217663400000e-19
216 7.92957600000002e-09 1.70256585914797e-09 -1.26099589743381e-03 3.52874813041599e-02 3.84297905583058e-31 -2.89773737458876e-25 6.92392874873756e-24 1.00032191846952e+00 0.00000000000000e+00 0.00000000000000e+00 0.00000000000000e+00 0.00000000000000e+00 0.00000000000000e+00 0.00000000000000e+00 0.00000000000000e+00 0.00000000000000e+00 0.00000000000000e+00 0.00000000000000e+00 -nan -nan -nan -nan -1.60217663400000e-19
217 7.96628700000002e-09 1.71808122587964e-09 -1.27269708709033e-03 3.55664260990649e-02 3.85908883000176e-31 -2.91114494819283e-25 6.92387250695145e-24 1.00032191846956e+00 0.00000000000000e+00 0.00000000000000e+00 0.00000000000000e+00 0.00000000000000e+00 0.00000000000000e+00 0.00000000000000e+00 0.00000000000000e+00 0.00000000000000e+00 0.00000000000000e+00 0.00000000000000e+00 -nan -nan -nan -nan -1.60217663400000e-19
218 8.00299800000002e-09 1.73366026084371e-09 -1.28445229192909e-03 3.58453686228927e-02 3.87561307641506e-31 -2.92455241244143e-25 6.92381600447909e-24 1.00032191846949e+00 0.00000000000000e+00 0.00000000000000e+00 0.00000000000000e+00 0.00000000000000e+00 0.00000000000000e+00 0.00000000000000e+00 0.00000000000000e+00 0.00000000000000e+00 0.00000000000000e+00 0.00000000000000e+00 -nan -nan -nan -nan -1.60217663400000e-19
